0.0334038801;-0.1452204586;-0.9295590829;0.0002369797;0.0001059142;0.0005028088;1;-1;-1;-1;-1;-1;-1;-1;-1;-1
0.0178835979;-0.1413051146;-0.9305467372;0.0002174211;0.0000986470;0.0002581811;1;-1;-1;-1;-1;-1;-1;-1;-1;-1
-0.0148148148;-0.1477601411;-0.9292592593;0.0003041618;0.0001626420;0.0004043973;1;-1;-1;-1;-1;-1;-1;-1;-1;-1
-0.0400176367;-0.1491887125;-0.9290123457;0.0001874555;0.0001382099;0.0004393055;1;-1;-1;-1;-1;-1;-1;-1;-1;-1
-0.0368783069;-0.1400000000;-0.9302821869;0.0002102025;0.0001010601;0.0005016870;1;-1;-1;-1;-1;-1;-1;-1;-1;-1
-0.0256261023;-0.1318342152;-0.9315167549;0.0002518600;0.0001118241;0.0008425717;1;-1;-1;-1;-1;-1;-1;-1;-1;-1
-0.0000518135;-0.2544386874;-0.9050777202;0.0030856374;0.0017755927;0.0027675978;1;-1;-1;-1;-1;-1;-1;-1;-1;-1
-0.0623488774;-0.2109153713;-0.9139723661;0.0063982795;0.0023591952;0.0066191411;1;-1;-1;-1;-1;-1;-1;-1;-1;-1
-0.0573920553;-0.2154749568;-0.9130742660;0.0051691384;0.0038684159;0.0034604287;1;-1;-1;-1;-1;-1;-1;-1;-1;-1
-0.0458031088;-0.2279620035;-0.9129188256;0.0003673037;0.0002643515;0.0002829882;1;-1;-1;-1;-1;-1;-1;-1;-1;-1
-0.0616234888;-0.2408981002;-0.9092918826;0.0014887092;0.0004310259;0.0004913662;1;-1;-1;-1;-1;-1;-1;-1;-1;-1
-0.0930742660;-0.2394473230;-0.9070466321;0.0005856882;0.0007996940;0.0008547573;1;-1;-1;-1;-1;-1;-1;-1;-1;-1
0.0082425308;-0.1947275923;-0.9223022847;0.0005500749;0.0002351809;0.0004990916;1;-1;-1;-1;-1;-1;-1;-1;-1;-1
0.0077368421;-0.1825614035;-0.9249122807;0.0003131468;0.0002957124;0.0003610643;1;-1;-1;-1;-1;-1;-1;-1;-1;-1
0.0126186292;-0.2043233743;-0.9201054482;0.0001260532;0.0001862051;0.0001654818;1;-1;-1;-1;-1;-1;-1;-1;-1;-1
0.0142706503;-0.1960984183;-0.9226010545;0.0001621872;0.0000794692;0.0002323071;1;-1;-1;-1;-1;-1;-1;-1;-1;-1
-0.0088947368;-0.1958771930;-0.9221052632;0.0001743474;0.0000502837;0.0001797429;1;-1;-1;-1;-1;-1;-1;-1;-1;-1
0.0045869947;-0.1925834798;-0.9230052724;0.0000699436;0.0000315181;0.0001087341;1;-1;-1;-1;-1;-1;-1;-1;-1;-1
-0.0163620387;-0.3199472759;-0.8864499121;0.0009316363;0.0004998212;0.0007768113;1;-1;-1;-1;-1;-1;-1;-1;-1;-1
-0.0500175747;-0.3460105448;-0.8769420035;0.0000501757;0.0000388097;0.0001240829;1;-1;-1;-1;-1;-1;-1;-1;-1;-1
-0.0549824561;-0.3512280702;-0.8746842105;0.0000485937;0.0000434804;0.0001300407;1;-1;-1;-1;-1;-1;-1;-1;-1;-1
-0.0539543058;-0.3597012302;-0.8710017575;0.0000485965;0.0000247345;0.0001438891;1;-1;-1;-1;-1;-1;-1;-1;-1;-1
-0.0433216169;-0.3922671353;-0.8590861160;0.0001148277;0.0000805905;0.0001886000;1;-1;-1;-1;-1;-1;-1;-1;-1;-1
-0.0457644991;-0.3950439367;-0.8582073814;0.0000635430;0.0000662393;0.0001312879;1;-1;-1;-1;-1;-1;-1;-1;-1;-1
0.0263864043;-0.1385509839;-0.9300178891;0.0010016139;0.0002797962;0.0013998205;1;-1;-1;-1;-1;-1;-1;-1;-1;-1
0.0138172043;-0.1604301075;-0.9273655914;0.0000800168;0.0000536746;0.0001917907;1;-1;-1;-1;-1;-1;-1;-1;-1;-1
0.0196779964;-0.1803398927;-0.9237209302;0.0001178173;0.0001097409;0.0001692840;1;-1;-1;-1;-1;-1;-1;-1;-1;-1
0.0147670251;-0.1722043011;-0.9251075269;0.0000555112;0.0000351682;0.0001284444;1;-1;-1;-1;-1;-1;-1;-1;-1;-1
0.0104830054;-0.1702504472;-0.9261001789;0.0000838165;0.0000762812;0.0001041190;1;-1;-1;-1;-1;-1;-1;-1;-1;-1
0.0055734767;-0.1566845878;-0.9279569892;0.0000961696;0.0000584677;0.0001523716;1;-1;-1;-1;-1;-1;-1;-1;-1;-1
0.0177378815;-0.1605745063;-0.9276840215;0.0005071038;0.0003230506;0.0006876122;1;-1;-1;-1;-1;-1;-1;-1;-1;-1
0.0056093190;-0.1725806452;-0.9257168459;0.0002361631;0.0002407251;0.0002521782;1;-1;-1;-1;-1;-1;-1;-1;-1;-1
-0.0006463196;-0.1516876122;-0.9301795332;0.0000772794;0.0000903123;0.0001237087;1;-1;-1;-1;-1;-1;-1;-1;-1;-1
0.0024955117;-0.1330161580;-0.9323698384;0.0000435814;0.0000218217;0.0000932946;1;-1;-1;-1;-1;-1;-1;-1;-1;-1
0.0037096774;-0.1290322581;-0.9325089606;0.0000521023;0.0000267099;0.0000874102;1;-1;-1;-1;-1;-1;-1;-1;-1;-1
0.0069120287;-0.1171813285;-0.9342908438;0.0000508789;0.0000267530;0.0000968433;1;-1;-1;-1;-1;-1;-1;-1;-1;-1
0.0410189983;-0.2828842832;-0.8982556131;0.0014631467;0.0011164070;0.0011320730;1;-1;-1;-1;-1;-1;-1;-1;-1;-1
0.0299134948;-0.2444636678;-0.9100346021;0.0003686234;0.0000864536;0.0003116106;1;-1;-1;-1;-1;-1;-1;-1;-1;-1
-0.0205008636;-0.2644041451;-0.9045250432;0.0015293335;0.0004378364;0.0005099384;1;-1;-1;-1;-1;-1;-1;-1;-1;-1
-0.0510726644;-0.2816608997;-0.8992733564;0.0006345493;0.0002246196;0.0007495577;1;-1;-1;-1;-1;-1;-1;-1;-1;-1
-0.0754231434;-0.3069084629;-0.8897754750;0.0003414729;0.0004068618;0.0005703647;1;-1;-1;-1;-1;-1;-1;-1;-1;-1
-0.0854844291;-0.2831141869;-0.8966608997;0.0003762814;0.0001535433;0.0014132678;1;-1;-1;-1;-1;-1;-1;-1;-1;-1
-0.0157512953;-0.1943696028;-0.9194127807;0.0027784571;0.0011173787;0.0037083051;1;-1;-1;-1;-1;-1;-1;-1;-1;-1
-0.0239550950;-0.2512953368;-0.9065630397;0.0002959219;0.0006922638;0.0004665406;1;-1;-1;-1;-1;-1;-1;-1;-1;-1
-0.0446034483;-0.2698448276;-0.9015344828;0.0001357665;0.0000460899;0.0002758796;1;-1;-1;-1;-1;-1;-1;-1;-1;-1
-0.0436269430;-0.2697582038;-0.9023143351;0.0000767879;0.0000293532;0.0001648768;1;-1;-1;-1;-1;-1;-1;-1;-1;-1
-0.0475129534;-0.2760967185;-0.8998272884;0.0002457070;0.0001103436;0.0004888975;1;-1;-1;-1;-1;-1;-1;-1;-1;-1
-0.0382556131;-0.2448877375;-0.9089982729;0.0002587166;0.0000918126;0.0002879221;1;-1;-1;-1;-1;-1;-1;-1;-1;-1
-0.0054434783;-0.2117913043;-0.9170608696;0.0004729302;0.0001373780;0.0004354231;1;-1;-1;-1;-1;-1;-1;-1;-1;-1
-0.0053135889;-0.2113763066;-0.9170034843;0.0001073186;0.0000303887;0.0001704119;1;-1;-1;-1;-1;-1;-1;-1;-1;-1
-0.0142782609;-0.2125217391;-0.9167130435;0.0000767865;0.0000328284;0.0001405708;1;-1;-1;-1;-1;-1;-1;-1;-1;-1
-0.0203832753;-0.2143554007;-0.9165679443;0.0001394689;0.0000392871;0.0002089683;1;-1;-1;-1;-1;-1;-1;-1;-1;-1
-0.0152173913;-0.2279652174;-0.9130956522;0.0001685502;0.0000482915;0.0002541633;1;-1;-1;-1;-1;-1;-1;-1;-1;-1
-0.0197560976;-0.2256620209;-0.9143379791;0.0001200102;0.0000692817;0.0001942381;1;-1;-1;-1;-1;-1;-1;-1;-1;-1
-0.0135427574;-0.1983246073;-0.9200523560;0.0004110283;0.0002604749;0.0002550672;1;-1;-1;-1;-1;-1;-1;-1;-1;-1
-0.0171902269;-0.1955671902;-0.9204188482;0.0000866718;0.0000383578;0.0001543697;1;-1;-1;-1;-1;-1;-1;-1;-1;-1
-0.0224738676;-0.1961149826;-0.9203310105;0.0001055621;0.0000520705;0.0001700473;1;-1;-1;-1;-1;-1;-1;-1;-1;-1
-0.0190924956;-0.1994589878;-0.9195462478;0.0000726016;0.0000313502;0.0001620315;1;-1;-1;-1;-1;-1;-1;-1;-1;-1
-0.0154275742;-0.1938394415;-0.9210645724;0.0001521333;0.0000586595;0.0002598787;1;-1;-1;-1;-1;-1;-1;-1;-1;-1
-0.0130890052;-0.1879930192;-0.9216579407;0.0001755812;0.0000832027;0.0002418268;1;-1;-1;-1;-1;-1;-1;-1;-1;-1
-0.7275943396;0.4300471698;0.1692452830;0.1696689036;0.1055858134;0.2511705874;-1;1;-1;-1;-1;-1;-1;-1;-1;-1
-0.8506855792;0.4976122931;0.4116075650;0.0669485810;0.0198324370;0.0333746608;-1;1;-1;-1;-1;-1;-1;-1;-1;-1
-0.8195047170;0.5245754717;0.4220047170;0.0585021182;0.0193898903;0.0337999905;-1;1;-1;-1;-1;-1;-1;-1;-1;-1
-0.8455188679;0.4625000000;0.4737735849;0.0916276261;0.0304159574;0.0448869084;-1;1;-1;-1;-1;-1;-1;-1;-1;-1
-0.8786288416;0.4054846336;0.4435697400;0.0800104377;0.0214456769;0.0432585538;-1;1;-1;-1;-1;-1;-1;-1;-1;-1
-0.8756132075;0.4332075472;0.4330188679;0.0663320108;0.0180128552;0.0459516214;-1;1;-1;-1;-1;-1;-1;-1;-1;-1
-0.6962571429;0.5796857143;0.0451428571;0.0955610225;0.1182878666;0.1089024151;-1;1;-1;-1;-1;-1;-1;-1;-1;-1
-0.7878000000;0.6661142857;0.1389428571;0.0517415645;0.0278845714;0.0419968735;-1;1;-1;-1;-1;-1;-1;-1;-1;-1
-0.7690285714;0.7053714286;0.1314571429;0.0657509161;0.0304197757;0.0345844036;-1;1;-1;-1;-1;-1;-1;-1;-1;-1
-0.7802000000;0.7504857143;0.1362857143;0.0785572665;0.0383181015;0.0547099468;-1;1;-1;-1;-1;-1;-1;-1;-1;-1
-0.7073714286;0.8077142857;0.1272000000;0.0692664233;0.0382560786;0.0618712206;-1;1;-1;-1;-1;-1;-1;-1;-1;-1
-0.7476285714;0.7308000000;0.1583714286;0.0563659935;0.0267959198;0.0428509218;-1;1;-1;-1;-1;-1;-1;-1;-1;-1
-0.6385660377;0.7754528302;0.0003207547;0.0766508699;0.1421265431;0.1008337344;-1;1;-1;-1;-1;-1;-1;-1;-1;-1
-0.6881886792;0.8671698113;0.0856981132;0.0527611742;0.0416558690;0.0366710618;-1;1;-1;-1;-1;-1;-1;-1;-1;-1
-0.6963018868;0.8613773585;0.0711698113;0.0444766573;0.0407521636;0.0403010864;-1;1;-1;-1;-1;-1;-1;-1;-1;-1
-0.6854064272;0.8727599244;0.0647637051;0.0564426849;0.0429226714;0.0407064308;-1;1;-1;-1;-1;-1;-1;-1;-1;-1
-0.7196415094;0.8567169811;0.0685283019;0.0683191529;0.0450266305;0.0391324236;-1;1;-1;-1;-1;-1;-1;-1;-1;-1
-0.7009056604;0.8535283019;0.0610566038;0.0568808417;0.0392633310;0.0335353654;-1;1;-1;-1;-1;-1;-1;-1;-1;-1
-0.8088224956;0.6003514938;0.0632688928;0.0924128716;0.0653674819;0.0561660561;-1;1;-1;-1;-1;-1;-1;-1;-1;-1
-0.8205975395;0.6255887522;0.1356766257;0.0643098536;0.0397408940;0.0228031065;-1;1;-1;-1;-1;-1;-1;-1;-1;-1
-0.8036666667;0.6324385965;0.1134210526;0.0586608729;0.0335341131;0.0273800157;-1;1;-1;-1;-1;-1;-1;-1;-1;-1
-0.8052372583;0.6708787346;0.0653954306;0.0493651285;0.0275224659;0.0219336902;-1;1;-1;-1;-1;-1;-1;-1;-1;-1
-0.7963971880;0.6968541301;0.0667311072;0.0586248490;0.0354385016;0.0177667603;-1;1;-1;-1;-1;-1;-1;-1;-1;-1
-0.7907029877;0.6851845343;0.0512478032;0.0605435190;0.0352852212;0.0201049543;-1;1;-1;-1;-1;-1;-1;-1;-1;-1
-0.6546371681;0.7323185841;0.0250442478;0.1462178202;0.1488015295;0.1027488012;-1;1;-1;-1;-1;-1;-1;-1;-1;-1
-0.7389203540;0.8044247788;0.0924247788;0.0661624848;0.0361232944;0.0192620178;-1;1;-1;-1;-1;-1;-1;-1;-1;-1
-0.7006194690;0.8066902655;0.0838230088;0.0570749702;0.0356104801;0.0147300395;-1;1;-1;-1;-1;-1;-1;-1;-1;-1
-0.7266371681;0.7212212389;-0.0318230088;0.0765581749;0.1337210237;0.0718266353;-1;1;-1;-1;-1;-1;-1;-1;-1;-1
-0.6923008850;0.8504601770;-0.0776106195;0.0777500157;0.0291916318;0.0304118339;-1;1;-1;-1;-1;-1;-1;-1;-1;-1
-0.7138938053;0.7729734513;-0.1237168142;0.0691266554;0.0475177387;0.0295716218;-1;1;-1;-1;-1;-1;-1;-1;-1;-1
-0.6625795053;0.8354240283;-0.0077208481;0.1313182901;0.1157296429;0.0610473626;-1;1;-1;-1;-1;-1;-1;-1;-1;-1
-0.6702645503;0.8659788360;0.0332627866;0.0654516967;0.0516947557;0.0308425156;-1;1;-1;-1;-1;-1;-1;-1;-1;-1
-0.6640459364;0.8914310954;0.0221201413;0.0639218315;0.0542558244;0.0309809838;-1;1;-1;-1;-1;-1;-1;-1;-1;-1
-0.6822791519;0.8823674912;0.0125971731;0.0593680706;0.0402453585;0.0243346587;-1;1;-1;-1;-1;-1;-1;-1;-1;-1
-0.6709876543;0.8874779541;-0.0189417989;0.0444732278;0.0443415079;0.0306214931;-1;1;-1;-1;-1;-1;-1;-1;-1;-1
-0.7074734982;0.7996466431;-0.0441342756;0.0521424550;0.0463867776;0.0239669483;-1;1;-1;-1;-1;-1;-1;-1;-1;-1
-0.7634280639;0.7411012433;0.1250266430;0.1151955228;0.0812276107;0.0731503107;-1;1;-1;-1;-1;-1;-1;-1;-1;-1
-0.7165302491;0.8523665480;0.1524021352;0.0612790267;0.0316879724;0.0268992105;-1;1;-1;-1;-1;-1;-1;-1;-1;-1
-0.7094493783;0.8856127886;0.1544937833;0.0750037888;0.0285364121;0.0333013002;-1;1;-1;-1;-1;-1;-1;-1;-1;-1
-0.7172597865;0.8640569395;0.1114946619;0.0670249199;0.0308665779;0.0394234305;-1;1;-1;-1;-1;-1;-1;-1;-1;-1
-0.7936234458;0.8362699822;0.0662877442;0.0915565982;0.0269109732;0.0323080808;-1;1;-1;-1;-1;-1;-1;-1;-1;-1
-0.7778291815;0.7956227758;0.1106405694;0.0615852970;0.0274271516;0.0167065408;-1;1;-1;-1;-1;-1;-1;-1;-1;-1
-0.6210296684;0.9115008726;-0.0567364747;0.0864151967;0.1199299113;0.0805430021;-1;1;-1;-1;-1;-1;-1;-1;-1;-1
-0.5956293706;0.9536713287;-0.0370979021;0.0606943493;0.0382901755;0.0497176576;-1;1;-1;-1;-1;-1;-1;-1;-1;-1
-0.5701919721;0.9520942408;-0.0205933682;0.0624595785;0.0355445575;0.0343258711;-1;1;-1;-1;-1;-1;-1;-1;-1;-1
-0.5582517483;0.9514335664;-0.0206293706;0.0636382693;0.0407646663;0.0481961006;-1;1;-1;-1;-1;-1;-1;-1;-1;-1
-0.5695636998;0.9152530541;0.0053752182;0.0715797044;0.0833665879;0.0415091684;-1;1;-1;-1;-1;-1;-1;-1;-1;-1
-0.5866783217;0.8965384615;-0.0533041958;0.0507584743;0.0714440388;0.0428820579;-1;1;-1;-1;-1;-1;-1;-1;-1;-1
-0.6343531469;0.8150349650;0.1078496503;0.0842011570;0.0748148849;0.0701745273;-1;1;-1;-1;-1;-1;-1;-1;-1;-1
-0.6301576182;0.8457618214;0.1221891419;0.0410492734;0.0417409537;0.0260287080;-1;1;-1;-1;-1;-1;-1;-1;-1;-1
-0.6480594406;0.8328321678;0.1011363636;0.0509491173;0.0437306688;0.0265925768;-1;1;-1;-1;-1;-1;-1;-1;-1;-1
-0.6963047285;0.8580385289;0.0627145359;0.0646075491;0.0450540406;0.0382685833;-1;1;-1;-1;-1;-1;-1;-1;-1;-1
-0.7315909091;0.8192657343;0.0616608392;0.0514533315;0.0300439433;0.0319977622;-1;1;-1;-1;-1;-1;-1;-1;-1;-1
-0.7211908932;0.7885639229;0.0639054291;0.0472838424;0.0321095130;0.0271684051;-1;1;-1;-1;-1;-1;-1;-1;-1;-1
-0.8673462214;0.5512478032;0.0351845343;0.1319424169;0.0925021374;0.0640915592;-1;1;-1;-1;-1;-1;-1;-1;-1;-1
-0.9101052632;0.4977017544;0.1781754386;0.0852312719;0.0350233555;0.0175109006;-1;1;-1;-1;-1;-1;-1;-1;-1;-1
-0.8964850615;0.4991564148;0.1762214411;0.0604781164;0.0377091463;0.0221246058;-1;1;-1;-1;-1;-1;-1;-1;-1;-1
-0.9061862917;0.5696309315;0.1694551845;0.0805669441;0.0346760959;0.0251100900;-1;1;-1;-1;-1;-1;-1;-1;-1;-1
-0.9210877193;0.5945438596;0.1561052632;0.0950184984;0.0370304594;0.0331770715;-1;1;-1;-1;-1;-1;-1;-1;-1;-1
-0.8914938489;0.5841124780;0.1439191564;0.0879521659;0.0383017197;0.0312675357;-1;1;-1;-1;-1;-1;-1;-1;-1;-1
0.1356719023;0.7378534031;-0.2076265271;0.1813738922;0.1519605939;0.1045212799;-1;-1;1;-1;-1;-1;-1;-1;-1;-1
0.0430313589;1.0111846690;0.0075261324;0.0001771823;0.0000708454;0.0001313911;-1;-1;1;-1;-1;-1;-1;-1;-1;-1
0.0481675393;1.0101221640;-0.0175567190;0.0000496082;0.0000141459;0.0002296843;-1;-1;1;-1;-1;-1;-1;-1;-1;-1
0.0467364747;1.0106282723;-0.0054101222;0.0000573378;0.0000104437;0.0000633368;-1;-1;1;-1;-1;-1;-1;-1;-1;-1
0.0426306620;1.0111846690;0.0036411150;0.0000986522;0.0000188384;0.0001628099;-1;-1;1;-1;-1;-1;-1;-1;-1;-1
0.0393891798;1.0107155323;-0.0049389180;0.0002298710;0.0001174941;0.0006246903;-1;-1;1;-1;-1;-1;-1;-1;-1;-1
0.2131937173;0.8844677138;-0.0867713787;0.0635577893;0.0810202144;0.0638355368;-1;-1;1;-1;-1;-1;-1;-1;-1;-1
0.1103315881;1.0040139616;-0.0091448517;0.0000769878;0.0000321117;0.0001599318;-1;-1;1;-1;-1;-1;-1;-1;-1;-1
0.1059336824;1.0041012216;-0.0160907504;0.0004503942;0.0001001086;0.0005916841;-1;-1;1;-1;-1;-1;-1;-1;-1;-1
0.0995811518;1.0050436300;-0.0103664921;0.0004386354;0.0000484684;0.0002259144;-1;-1;1;-1;-1;-1;-1;-1;-1;-1
0.1021815009;1.0036649215;-0.0247993019;0.0000265264;0.0000246568;0.0000428355;-1;-1;1;-1;-1;-1;-1;-1;-1;-1
0.1006631763;1.0044153578;-0.0223036649;0.0005247343;0.0000526733;0.0002212573;-1;-1;1;-1;-1;-1;-1;-1;-1;-1
0.1725263158;0.9736491228;-0.0664736842;0.0268853464;0.0149082774;0.0136337647;-1;-1;1;-1;-1;-1;-1;-1;-1;-1
0.1192294221;1.0041155867;-0.0396497373;0.0000099315;0.0000242603;0.0000104034;-1;-1;1;-1;-1;-1;-1;-1;-1;-1
0.1186666667;1.0032280702;-0.0420000000;0.0000140363;0.0000218987;0.0000241125;-1;-1;1;-1;-1;-1;-1;-1;-1;-1
0.1162280702;1.0036666667;-0.0432456140;0.0000235331;0.0000232630;0.0000328570;-1;-1;1;-1;-1;-1;-1;-1;-1;-1
0.1140980736;1.0043257443;-0.0411383538;0.0000245798;0.0000245884;0.0000206317;-1;-1;1;-1;-1;-1;-1;-1;-1;-1
0.1178771930;1.0027894737;-0.0464912281;0.0000329199;0.0000205004;0.0000456634;-1;-1;1;-1;-1;-1;-1;-1;-1;-1
0.1133739130;0.9519652174;-0.0915652174;0.0255993983;0.0353499639;0.0523149674;-1;-1;1;-1;-1;-1;-1;-1;-1;-1
0.0536347826;1.0102956522;-0.0181217391;0.0000231765;0.0000028741;0.0000243406;-1;-1;1;-1;-1;-1;-1;-1;-1;-1
0.0571304348;1.0101217391;-0.0264521739;0.0000285108;0.0000046890;0.0000410495;-1;-1;1;-1;-1;-1;-1;-1;-1;-1
0.0611130435;1.0100521739;-0.0322956522;0.0000144384;0.0000019136;0.0000264281;-1;-1;1;-1;-1;-1;-1;-1;-1;-1
0.0601043478;1.0100869565;-0.0295826087;0.0000086999;0.0000015604;0.0000134143;-1;-1;1;-1;-1;-1;-1;-1;-1;-1
0.0612521739;1.0100173913;-0.0314956522;0.0000214258;0.0000012192;0.0000402678;-1;-1;1;-1;-1;-1;-1;-1;-1;-1
0.2105862069;0.9474310345;-0.0989827586;0.0267426609;0.0229020246;0.0275925731;-1;-1;1;-1;-1;-1;-1;-1;-1;-1
0.1641135972;0.9904819277;-0.0691910499;0.0000428767;0.0000183880;0.0000760686;-1;-1;1;-1;-1;-1;-1;-1;-1;-1
0.1652413793;0.9899482759;-0.0723793103;0.0000253302;0.0000056968;0.0000302531;-1;-1;1;-1;-1;-1;-1;-1;-1;-1
0.1636551724;0.9902758621;-0.0685172414;0.0000304854;0.0000113227;0.0000782812;-1;-1;1;-1;-1;-1;-1;-1;-1;-1
0.1603270224;0.9907056799;-0.0618244406;0.0000062722;0.0000065701;0.0000183898;-1;-1;1;-1;-1;-1;-1;-1;-1;-1
0.1621379310;0.9902931034;-0.0694310345;0.0000171830;0.0000049226;0.0000229918;-1;-1;1;-1;-1;-1;-1;-1;-1;-1
0.1912195122;0.9452787456;-0.0641289199;0.0322417912;0.0366068157;0.0321202696;-1;-1;1;-1;-1;-1;-1;-1;-1;-1
0.1206980803;1.0033856894;-0.0111692845;0.0000096517;0.0000224332;0.0000271269;-1;-1;1;-1;-1;-1;-1;-1;-1;-1
0.1204181185;1.0058188153;-0.0160975610;0.0000071547;0.0000243720;0.0000241859;-1;-1;1;-1;-1;-1;-1;-1;-1;-1
0.1236649215;1.0047120419;-0.0226352531;0.0000487826;0.0000253103;0.0001155957;-1;-1;1;-1;-1;-1;-1;-1;-1;-1
0.1291114983;1.0025783972;-0.0368989547;0.0000290521;0.0000216125;0.0000395814;-1;-1;1;-1;-1;-1;-1;-1;-1;-1
0.1340837696;1.0012739965;-0.0395462478;0.0000270000;0.0000111363;0.0000221714;-1;-1;1;-1;-1;-1;-1;-1;-1;-1
0.2847916667;0.8711458333;-0.0578472222;0.0761620435;0.0894508587;0.0795164010;-1;-1;1;-1;-1;-1;-1;-1;-1;-1
0.1926956522;0.9913217391;0.0397913043;0.0000329647;0.0000125357;0.0000389808;-1;-1;1;-1;-1;-1;-1;-1;-1;-1
0.1901388889;0.9920833333;0.0387500000;0.0000448502;0.0000186087;0.0000586087;-1;-1;1;-1;-1;-1;-1;-1;-1;-1
0.1958782609;0.9906956522;0.0300000000;0.0000326332;0.0000078776;0.0000397213;-1;-1;1;-1;-1;-1;-1;-1;-1;-1
0.1942013889;0.9909027778;0.0299479167;0.0000337959;0.0000110097;0.0000547799;-1;-1;1;-1;-1;-1;-1;-1;-1;-1
0.1960000000;0.9907130435;0.0300521739;0.0000348432;0.0000080273;0.0000412865;-1;-1;1;-1;-1;-1;-1;-1;-1;-1
0.2718134715;0.9514162349;0.0163212435;0.0375498198;0.0178249804;0.0225198343;-1;-1;1;-1;-1;-1;-1;-1;-1;-1
0.2084628670;0.9891191710;0.0586183074;0.0000192594;0.0000083923;0.0000288835;-1;-1;1;-1;-1;-1;-1;-1;-1;-1
0.2087758621;0.9892413793;0.0560862069;0.0000211241;0.0000080591;0.0000387145;-1;-1;1;-1;-1;-1;-1;-1;-1;-1
0.2007772021;0.9900690846;0.0662521589;0.0000711942;0.0000089918;0.0001293550;-1;-1;1;-1;-1;-1;-1;-1;-1;-1
0.1995509499;0.9900172712;0.0672366149;0.0000427046;0.0000057090;0.0000615546;-1;-1;1;-1;-1;-1;-1;-1;-1;-1
0.2068911917;0.9896200345;0.0562176166;0.0000249207;0.0000036616;0.0000318626;-1;-1;1;-1;-1;-1;-1;-1;-1;-1
0.4133562823;0.9200344234;-0.0091910499;0.0006644056;0.0007813781;0.0010660686;-1;-1;1;-1;-1;-1;-1;-1;-1;-1
0.4033734940;0.9235972461;-0.0021686747;0.0000441172;0.0000278996;0.0000418405;-1;-1;1;-1;-1;-1;-1;-1;-1;-1
0.4080927835;0.9203608247;-0.0242783505;0.0000915370;0.0000537422;0.0001522322;-1;-1;1;-1;-1;-1;-1;-1;-1;-1
0.4110843373;0.9186746988;-0.0338382100;0.0001072705;0.0000449647;0.0000874841;-1;-1;1;-1;-1;-1;-1;-1;-1;-1
0.4046471601;0.9214113597;-0.0284165232;0.0000980218;0.0000473150;0.0000902469;-1;-1;1;-1;-1;-1;-1;-1;-1;-1
0.4001376936;0.9240963855;-0.0204302926;0.0000775672;0.0000483631;0.0002382628;-1;-1;1;-1;-1;-1;-1;-1;-1;-1
0.3420312500;0.8715798611;-0.0405729167;0.0626050842;0.0706168040;0.0613664538;-1;-1;1;-1;-1;-1;-1;-1;-1;-1
0.2684869565;0.9727652174;0.0358260870;0.0000445708;0.0000207375;0.0000539767;-1;-1;1;-1;-1;-1;-1;-1;-1;-1
0.2723958333;0.9715104167;0.0261458333;0.0000530326;0.0000208451;0.0000515543;-1;-1;1;-1;-1;-1;-1;-1;-1;-1
0.2703130435;0.9718608696;0.0250086957;0.0000302154;0.0000155207;0.0000337543;-1;-1;1;-1;-1;-1;-1;-1;-1;-1
0.2645659722;0.9741666667;0.0304166667;0.0000286809;0.0000243478;0.0000283478;-1;-1;1;-1;-1;-1;-1;-1;-1;-1
0.2614086957;0.9754260870;0.0337565217;0.0000382560;0.0000255586;0.0000409162;-1;-1;1;-1;-1;-1;-1;-1;-1;-1
0.1570694087;0.9034704370;-0.2549100257;0.1104568534;0.1583206570;0.1277791800;-1;-1;-1;1;-1;-1;-1;-1;-1;-1
0.0619794344;0.9840102828;-0.1929305913;0.0904937522;0.1169050102;0.0970728328;-1;-1;-1;1;-1;-1;-1;-1;-1;-1
-0.0571465296;0.9850128535;-0.1753727506;0.0915879707;0.1903101158;0.1411135849;-1;-1;-1;1;-1;-1;-1;-1;-1;-1
-0.2282005141;0.9598714653;-0.1817480720;0.0752498463;0.1739533340;0.1436840498;-1;-1;-1;1;-1;-1;-1;-1;-1;-1
-0.2004627249;0.9536503856;-0.2856041131;0.0792729812;0.1755902486;0.1226896470;-1;-1;-1;1;-1;-1;-1;-1;-1;-1
-0.2136760925;0.9598200514;-0.1769665810;0.0628449567;0.1060579572;0.0877371664;-1;-1;-1;1;-1;-1;-1;-1;-1;-1
0.0238655462;0.8183473389;-0.2621568627;0.2264928807;0.2463239464;0.2292607843;-1;-1;-1;1;-1;-1;-1;-1;-1;-1
-0.1400558659;0.9884636872;-0.1717877095;0.0737294086;0.1589088376;0.1260432937;-1;-1;-1;1;-1;-1;-1;-1;-1;-1
-0.1561064426;0.9792156863;-0.1971428571;0.0896036179;0.1769330910;0.1317811396;-1;-1;-1;1;-1;-1;-1;-1;-1;-1
-0.1477871148;0.9860784314;-0.1573669468;0.0841386287;0.1746930051;0.1177621487;-1;-1;-1;1;-1;-1;-1;-1;-1;-1
-0.1614525140;0.9839664804;-0.1702234637;0.1000796770;0.2064581725;0.1408654961;-1;-1;-1;1;-1;-1;-1;-1;-1;-1
-0.1562184874;0.9728571429;-0.1657703081;0.1079348173;0.2033800161;0.1343188572;-1;-1;-1;1;-1;-1;-1;-1;-1;-1
-0.0906028369;0.8443617021;-0.1968262411;0.2009847159;0.3212448849;0.2911442611;-1;-1;-1;1;-1;-1;-1;-1;-1;-1
-0.3179573712;0.9868916519;-0.0371758437;0.1148422615;0.3018025986;0.2890829352;-1;-1;-1;1;-1;-1;-1;-1;-1;-1
-0.2931382979;0.9908865248;-0.0383333333;0.0936702402;0.2672869569;0.2549393132;-1;-1;-1;1;-1;-1;-1;-1;-1;-1
-0.2945212766;0.9839361702;-0.0360460993;0.0914194862;0.2760423831;0.2439568078;-1;-1;-1;1;-1;-1;-1;-1;-1;-1
-0.2932682060;0.9935346359;-0.0479928952;0.0756885881;0.2626211140;0.2463762135;-1;-1;-1;1;-1;-1;-1;-1;-1;-1
-0.2854255319;0.9996985816;-0.0263297872;0.0741232644;0.2658999090;0.2554335749;-1;-1;-1;1;-1;-1;-1;-1;-1;-1
0.2460211268;0.7674295775;-0.2650528169;0.1894127121;0.2347443513;0.1378723076;-1;-1;-1;1;-1;-1;-1;-1;-1;-1
0.0065255732;0.9987654321;-0.1528924162;0.0867050448;0.0984461763;0.1039414425;-1;-1;-1;1;-1;-1;-1;-1;-1;-1
-0.1066197183;0.9990140845;-0.0888380282;0.1133063666;0.1389933825;0.1568766016;-1;-1;-1;1;-1;-1;-1;-1;-1;-1
-0.1703350970;1.0152910053;-0.0332627866;0.1131442338;0.1574719558;0.1685036464;-1;-1;-1;1;-1;-1;-1;-1;-1;-1
-0.2031161972;1.0194366197;-0.0102112676;0.1208239583;0.1725883946;0.1476091264;-1;-1;-1;1;-1;-1;-1;-1;-1;-1
-0.2175661376;1.0095238095;-0.0263315697;0.1078173874;0.1925670873;0.1916402291;-1;-1;-1;1;-1;-1;-1;-1;-1;-1
0.2234442270;0.7956947162;-0.2725440313;0.2208234082;0.3034065262;0.2026562603;-1;-1;-1;1;-1;-1;-1;-1;-1;-1
-0.4741176471;0.9038039216;-0.1339215686;0.1856604184;0.3254644801;0.1995346893;-1;-1;-1;1;-1;-1;-1;-1;-1;-1
-0.4122896282;0.9356360078;-0.0157729941;0.1529549434;0.3507622908;0.3202397444;-1;-1;-1;1;-1;-1;-1;-1;-1;-1
-0.3458039216;0.9829607843;-0.0261176471;0.1436153642;0.3567737313;0.3199569999;-1;-1;-1;1;-1;-1;-1;-1;-1;-1
-0.2893542074;1.0030724070;-0.0194520548;0.1533711508;0.3564923065;0.3895800913;-1;-1;-1;1;-1;-1;-1;-1;-1;-1
-0.3001372549;0.9921960784;-0.0090196078;0.1951919261;0.4719908456;0.3987915713;-1;-1;-1;1;-1;-1;-1;-1;-1;-1
0.0013380282;0.8423063380;-0.1313732394;0.2638267780;0.4045909677;0.3284792396;-1;-1;-1;1;-1;-1;-1;-1;-1;-1
-0.1880281690;1.0024119718;-0.0214788732;0.1707872867;0.4105163944;0.3722401371;-1;-1;-1;1;-1;-1;-1;-1;-1;-1
-0.1659226714;1.0203339192;-0.0294903339;0.1225551771;0.3521233038;0.3408939299;-1;-1;-1;1;-1;-1;-1;-1;-1;-1
-0.1695774648;1.0330457746;-0.0444894366;0.1047395037;0.3402462625;0.3073133191;-1;-1;-1;1;-1;-1;-1;-1;-1;-1
-0.1721654930;1.0000352113;-0.0363556338;0.1222871895;0.3786172827;0.3488059192;-1;-1;-1;1;-1;-1;-1;-1;-1;-1
-0.1758978873;0.9952288732;-0.0455809859;0.1190640954;0.3767671433;0.4088374044;-1;-1;-1;1;-1;-1;-1;-1;-1;-1
-0.1717452007;0.8844153578;-0.1265619546;0.2961707252;0.3642278482;0.3130617606;-1;-1;-1;1;-1;-1;-1;-1;-1;-1
-0.4301221640;0.9384118674;-0.0255497382;0.1336452648;0.3068868091;0.2507345312;-1;-1;-1;1;-1;-1;-1;-1;-1;-1
-0.4239616056;0.9535078534;-0.0064572426;0.1699145230;0.3404598762;0.2770012381;-1;-1;-1;1;-1;-1;-1;-1;-1;-1
-0.4084467714;0.9657591623;-0.0050261780;0.1719995063;0.3365083825;0.2832390290;-1;-1;-1;1;-1;-1;-1;-1;-1;-1
-0.3994066318;0.9595811518;-0.0123036649;0.2083975494;0.3577421320;0.3372866419;-1;-1;-1;1;-1;-1;-1;-1;-1;-1
-0.3897556719;0.9369808028;0.0119197208;0.2146723178;0.3994155189;0.3444973572;-1;-1;-1;1;-1;-1;-1;-1;-1;-1
-0.1938394415;0.8314136126;-0.1653228621;0.2840981700;0.3733324388;0.2934525617;-1;-1;-1;1;-1;-1;-1;-1;-1;-1
-0.3622687609;0.9575916230;-0.0275567190;0.1328217668;0.3422253085;0.2859205934;-1;-1;-1;1;-1;-1;-1;-1;-1;-1
-0.3308885017;0.9732578397;-0.0374912892;0.1116433628;0.3488740102;0.3039797338;-1;-1;-1;1;-1;-1;-1;-1;-1;-1
-0.3321465969;0.9821640489;-0.0432111693;0.1213130414;0.3086708332;0.2629893207;-1;-1;-1;1;-1;-1;-1;-1;-1;-1
-0.3187958115;0.9892321117;-0.0324258290;0.1293434775;0.3206242345;0.2584603638;-1;-1;-1;1;-1;-1;-1;-1;-1;-1
-0.3153054101;0.9784467714;-0.0298429319;0.1181120132;0.3369351707;0.2893655347;-1;-1;-1;1;-1;-1;-1;-1;-1;-1
0.1289160839;0.8552622378;-0.1504895105;0.2250156357;0.3935121903;0.3583227022;-1;-1;-1;1;-1;-1;-1;-1;-1;-1
-0.0331064572;1.0422513089;-0.0546073298;0.1531655079;0.3262335591;0.3288916725;-1;-1;-1;1;-1;-1;-1;-1;-1;-1
-0.0485489510;1.0182167832;-0.0518881119;0.1454351937;0.3070349932;0.3375386354;-1;-1;-1;1;-1;-1;-1;-1;-1;-1
-0.0364685315;1.0273776224;-0.0368881119;0.1437776995;0.3368431987;0.3473874971;-1;-1;-1;1;-1;-1;-1;-1;-1;-1
-0.0498603839;1.0128272251;-0.0512390925;0.1480555749;0.3236451397;0.3386874480;-1;-1;-1;1;-1;-1;-1;-1;-1;-1
-0.0194405594;1.0229720280;-0.0500699301;0.1636585306;0.3256037610;0.3632521842;-1;-1;-1;1;-1;-1;-1;-1;-1;-1
0.0222027972;0.8821503497;-0.1629020979;0.2280487294;0.2903965938;0.2964934895;-1;-1;-1;1;-1;-1;-1;-1;-1;-1
-0.1876182137;1.0052714536;-0.0528546410;0.1194725628;0.3334632157;0.2920916613;-1;-1;-1;1;-1;-1;-1;-1;-1;-1
-0.1564685315;1.0184265734;-0.0169055944;0.1827079973;0.3642164342;0.3719699175;-1;-1;-1;1;-1;-1;-1;-1;-1;-1
-0.1367950963;1.0236077058;-0.0159369527;0.1764663772;0.3472062599;0.3262462697;-1;-1;-1;1;-1;-1;-1;-1;-1;-1
-0.1367132867;1.0147377622;-0.0253146853;0.1725054658;0.3724841693;0.3692182896;-1;-1;-1;1;-1;-1;-1;-1;-1;-1
-0.1288266200;1.0103502627;-0.0195971979;0.1721317787;0.3395668946;0.3498284340;-1;-1;-1;1;-1;-1;-1;-1;-1;-1
0.0109861933;-0.4457199211;-0.8311637081;0.0078911204;0.0046395499;0.0087375759;-1;-1;-1;-1;1;-1;-1;-1;-1;-1
-0.0816765286;-0.4640039448;-0.8213017751;0.0029301876;0.0012675336;0.0025263653;-1;-1;-1;-1;1;-1;-1;-1;-1;-1
0.0314792899;-0.5016962525;-0.8036686391;0.0027916809;0.0044678680;0.0028667516;-1;-1;-1;-1;1;-1;-1;-1;-1;-1
0.0230039526;-0.4296047431;-0.8420158103;0.0016523445;0.0037634078;0.0015087997;-1;-1;-1;-1;1;-1;-1;-1;-1;-1
0.0200986193;-0.4522682446;-0.8293688363;0.0016741009;0.0024978093;0.0022470317;-1;-1;-1;-1;1;-1;-1;-1;-1;-1
0.0064299803;-0.4746351085;-0.8154635108;0.0041692456;0.0131035721;0.0062576405;-1;-1;-1;-1;1;-1;-1;-1;-1;-1
-0.0465562914;-0.5449668874;-0.7730022075;0.0121049288;0.0077693020;0.0077909668;-1;-1;-1;-1;1;-1;-1;-1;-1;-1
-0.0372847682;-0.4937969095;-0.8095364238;0.0038981422;0.0052262595;0.0041716873;-1;-1;-1;-1;1;-1;-1;-1;-1;-1
-0.0637665198;-0.5042070485;-0.8005066079;0.0047188946;0.0045131667;0.0035589039;-1;-1;-1;-1;1;-1;-1;-1;-1;-1
-0.0894260486;-0.5118101545;-0.7953642384;0.0013983424;0.0020568931;0.0020718250;-1;-1;-1;-1;1;-1;-1;-1;-1;-1
-0.0788962472;-0.5177704194;-0.7884988962;0.0058903720;0.0031709029;0.0046857948;-1;-1;-1;-1;1;-1;-1;-1;-1;-1
-0.0653642384;-0.5743487859;-0.7500662252;0.0159417365;0.0184794975;0.0186024292;-1;-1;-1;-1;1;-1;-1;-1;-1;-1
0.0308492201;-0.5558925477;-0.7735701906;0.0017747984;0.0010738982;0.0015389677;-1;-1;-1;-1;1;-1;-1;-1;-1;-1
0.0227556326;-0.5267764298;-0.7936221837;0.0001331919;0.0000423683;0.0002148084;-1;-1;-1;-1;1;-1;-1;-1;-1;-1
0.0218339100;-0.5099653979;-0.8026470588;0.0002999238;0.0001206227;0.0003907279;-1;-1;-1;-1;1;-1;-1;-1;-1;-1
0.0280589255;-0.5060658579;-0.8050953206;0.0006611562;0.0002881415;0.0005396176;-1;-1;-1;-1;1;-1;-1;-1;-1;-1
0.0141074523;-0.4889601386;-0.8149913345;0.0005766759;0.0001582918;0.0005448350;-1;-1;-1;-1;1;-1;-1;-1;-1;-1
-0.0019757366;-0.5007798960;-0.8090121317;0.0004276869;0.0001710921;0.0003853071;-1;-1;-1;-1;1;-1;-1;-1;-1;-1
0.0046712803;-0.4834948097;-0.8181833910;0.0006381067;0.0002148015;0.0006859490;-1;-1;-1;-1;1;-1;-1;-1;-1;-1
0.0627209705;-0.5149046794;-0.7956845754;0.0042403265;0.0009851037;0.0014856851;-1;-1;-1;-1;1;-1;-1;-1;-1;-1
0.0295674740;-0.5244463668;-0.7943598616;0.0001351679;0.0000420673;0.0001397108;-1;-1;-1;-1;1;-1;-1;-1;-1;-1
0.0138927336;-0.5115051903;-0.8022145329;0.0007125500;0.0001864653;0.0004221237;-1;-1;-1;-1;1;-1;-1;-1;-1;-1
-0.0020277296;-0.4863604853;-0.8166031196;0.0001759159;0.0000738837;0.0002398301;-1;-1;-1;-1;1;-1;-1;-1;-1;-1
-0.0197750865;-0.4772318339;-0.8211937716;0.0001307985;0.0000689271;0.0001720560;-1;-1;-1;-1;1;-1;-1;-1;-1;-1
0.0523339318;-0.6256732496;-0.7209874327;0.0011941833;0.0013335837;0.0047887714;-1;-1;-1;-1;1;-1;-1;-1;-1;-1
0.0351346499;-0.6221543986;-0.7267684022;0.0005304225;0.0001025445;0.0004668761;-1;-1;-1;-1;1;-1;-1;-1;-1;-1
-0.0067025090;-0.5952508961;-0.7468458781;0.0003384787;0.0001054127;0.0003684897;-1;-1;-1;-1;1;-1;-1;-1;-1;-1
-0.0109515260;-0.5891382406;-0.7515439856;0.0001046685;0.0000312704;0.0001562449;-1;-1;-1;-1;1;-1;-1;-1;-1;-1
-0.0000179533;-0.5961759425;-0.7462477558;0.0002214026;0.0000693431;0.0003691687;-1;-1;-1;-1;1;-1;-1;-1;-1;-1
0.0110771993;-0.6286355476;-0.7213285458;0.0007909239;0.0003211565;0.0007957138;-1;-1;-1;-1;1;-1;-1;-1;-1;-1
-0.0198758865;-0.6637943262;-0.6907092199;0.0010076222;0.0021159505;0.0024531373;-1;-1;-1;-1;1;-1;-1;-1;-1;-1
-0.0250973451;-0.7117345133;-0.6498053097;0.0005931199;0.0001874117;0.0007934017;-1;-1;-1;-1;1;-1;-1;-1;-1;-1
-0.0388120567;-0.6943262411;-0.6659397163;0.0007426360;0.0003013214;0.0018117264;-1;-1;-1;-1;1;-1;-1;-1;-1;-1
-0.0230496454;-0.7064184397;-0.6549645390;0.0004119975;0.0001352846;0.0006282403;-1;-1;-1;-1;1;-1;-1;-1;-1;-1
-0.0174159292;-0.7020707965;-0.6598407080;0.0011762895;0.0003249595;0.0015079533;-1;-1;-1;-1;1;-1;-1;-1;-1;-1
-0.0094680851;-0.6902659574;-0.6700709220;0.0007450096;0.0002249735;0.0008465314;-1;-1;-1;-1;1;-1;-1;-1;-1;-1
0.0615820312;-0.7701171875;-0.5819140625;0.0026419150;0.0002782641;0.0021544505;-1;-1;-1;-1;1;-1;-1;-1;-1;-1
0.0550097847;-0.7576908023;-0.5961252446;0.0010862254;0.0002162258;0.0015300549;-1;-1;-1;-1;1;-1;-1;-1;-1;-1
0.0483984375;-0.7765234375;-0.5740234375;0.0004941032;0.0001260503;0.0013368135;-1;-1;-1;-1;1;-1;-1;-1;-1;-1
0.0331115460;-0.7679256360;-0.5842270059;0.0002936326;0.0001466690;0.0009734699;-1;-1;-1;-1;1;-1;-1;-1;-1;-1
0.0374804687;-0.7551953125;-0.5982617188;0.0004803323;0.0001032886;0.0010276965;-1;-1;-1;-1;1;-1;-1;-1;-1;-1
0.0361448141;-0.7638747554;-0.5884344423;0.0001790300;0.0000602509;0.0004998972;-1;-1;-1;-1;1;-1;-1;-1;-1;-1
0.0154361055;-0.7445436105;-0.6111764706;0.0010703887;0.0001411023;0.0007791009;-1;-1;-1;-1;1;-1;-1;-1;-1;-1
-0.0004462475;-0.7438133874;-0.6125152130;0.0008201257;0.0001455911;0.0013017909;-1;-1;-1;-1;1;-1;-1;-1;-1;-1
0.0055983773;-0.7079310345;-0.6494320487;0.0007811961;0.0001603448;0.0013216280;-1;-1;-1;-1;1;-1;-1;-1;-1;-1
0.0267139959;-0.7152332657;-0.6427991886;0.0004322697;0.0001213378;0.0006710104;-1;-1;-1;-1;1;-1;-1;-1;-1;-1
0.0210750507;-0.7146247465;-0.6430831643;0.0003486387;0.0001114951;0.0004644585;-1;-1;-1;-1;1;-1;-1;-1;-1;-1
0.0084989858;-0.7190669371;-0.6394929006;0.0003172546;0.0001105097;0.0001836854;-1;-1;-1;-1;1;-1;-1;-1;-1;-1
-0.0628743546;-0.7360585198;-0.6163511188;0.0015315514;0.0006677138;0.0027266627;-1;-1;-1;-1;1;-1;-1;-1;-1;-1
-0.0444234079;-0.7582616179;-0.5946127367;0.0003185032;0.0001061107;0.0003876515;-1;-1;-1;-1;1;-1;-1;-1;-1;-1
-0.0407573150;-0.7618760757;-0.5903614458;0.0003732186;0.0001242329;0.0006417657;-1;-1;-1;-1;1;-1;-1;-1;-1;-1
-0.0491896552;-0.7584482759;-0.5937758621;0.0002872524;0.0001139956;0.0002380498;-1;-1;-1;-1;1;-1;-1;-1;-1;-1
-0.0327194492;-0.7491566265;-0.6050946644;0.0006484539;0.0001601496;0.0006819307;-1;-1;-1;-1;1;-1;-1;-1;-1;-1
-0.0255765921;-0.7489845095;-0.6066609294;0.0002895377;0.0000981049;0.0002526245;-1;-1;-1;-1;1;-1;-1;-1;-1;-1
0.0346003899;-0.7746978558;-0.5765886940;0.0007690295;0.0001987855;0.0010490825;-1;-1;-1;-1;1;-1;-1;-1;-1;-1
0.0378515625;-0.7930273438;-0.5526953125;0.0007413634;0.0001718349;0.0009919383;-1;-1;-1;-1;1;-1;-1;-1;-1;-1
0.0516764133;-0.8027680312;-0.5396686160;0.0003885904;0.0000739637;0.0004911009;-1;-1;-1;-1;1;-1;-1;-1;-1;-1
0.0490234375;-0.7982617188;-0.5447460938;0.0001422930;0.0000327846;0.0001881937;-1;-1;-1;-1;1;-1;-1;-1;-1;-1
0.0464522417;-0.8004483431;-0.5429044834;0.0001846545;0.0000445252;0.0004128366;-1;-1;-1;-1;1;-1;-1;-1;-1;-1
0.0386718750;-0.7999804688;-0.5441210938;0.0002142796;0.0000526415;0.0002731986;-1;-1;-1;-1;1;-1;-1;-1;-1;-1
0.0075259516;-0.6958996540;-0.6596712803;0.0066994144;0.0085916502;0.0122953857;-1;-1;-1;-1;-1;1;-1;-1;-1;-1
0.0113494810;-0.7298615917;-0.6254498270;0.0058657667;0.0053667052;0.0104213744;-1;-1;-1;-1;-1;1;-1;-1;-1;-1
-0.0173010381;-0.7287024221;-0.6255190311;0.0067490288;0.0051655577;0.0141797128;-1;-1;-1;-1;-1;1;-1;-1;-1;-1
-0.0224740484;-0.7058477509;-0.6476124567;0.0082040938;0.0093726770;0.0178324180;-1;-1;-1;-1;-1;1;-1;-1;-1;-1
-0.0212456747;-0.6887543253;-0.6675086505;0.0052292948;0.0043717558;0.0111944757;-1;-1;-1;-1;-1;1;-1;-1;-1;-1
-0.0203806228;-0.6877508651;-0.6699134948;0.0089620732;0.0069495253;0.0126861277;-1;-1;-1;-1;-1;1;-1;-1;-1;-1
0.0006260870;-0.6128695652;-0.7290260870;0.0047131962;0.0085891380;0.0136645551;-1;-1;-1;-1;-1;1;-1;-1;-1;-1
-0.0147386760;-0.6440243902;-0.7080139373;0.0035796000;0.0070038458;0.0134117555;-1;-1;-1;-1;-1;1;-1;-1;-1;-1
-0.0017043478;-0.6324000000;-0.7158260870;0.0054382051;0.0064552056;0.0130264505;-1;-1;-1;-1;-1;1;-1;-1;-1;-1
0.0149651568;-0.6341463415;-0.7152961672;0.0048637859;0.0045269314;0.0138280971;-1;-1;-1;-1;-1;1;-1;-1;-1;-1
0.0325913043;-0.6192869565;-0.7296347826;0.0047857822;0.0037947869;0.0075251277;-1;-1;-1;-1;-1;1;-1;-1;-1;-1
0.0484146341;-0.5968292683;-0.7407665505;0.0068594369;0.0061180266;0.0148800396;-1;-1;-1;-1;-1;1;-1;-1;-1;-1
-0.0117954071;-0.4864300626;-0.7998956159;0.0184022091;0.0117242582;0.0259219556;-1;-1;-1;-1;-1;1;-1;-1;-1;-1
-0.0233194154;-0.5991231733;-0.7435490605;0.0168042304;0.0049255894;0.0070986749;-1;-1;-1;-1;-1;1;-1;-1;-1;-1
0.0112108559;-0.6106889353;-0.7426304802;0.0137165224;0.0043227461;0.0097918109;-1;-1;-1;-1;-1;1;-1;-1;-1;-1
0.0226722338;-0.6336951983;-0.7181002088;0.0266351036;0.0069329697;0.0192852954;-1;-1;-1;-1;-1;1;-1;-1;-1;-1
0.0370146138;-0.6083089770;-0.7342588727;0.0154088513;0.0051199378;0.0119500249;-1;-1;-1;-1;-1;1;-1;-1;-1;-1
-0.0180167015;-0.5882672234;-0.7444050104;0.0105724181;0.0050018029;0.0108891327;-1;-1;-1;-1;-1;1;-1;-1;-1;-1
0.0375000000;-0.5771223022;-0.7587410072;0.0186631081;0.0100432355;0.0199587724;-1;-1;-1;-1;-1;1;-1;-1;-1;-1
0.0015439856;-0.6329622980;-0.7129443447;0.0275393384;0.0066359932;0.0156557037;-1;-1;-1;-1;-1;1;-1;-1;-1;-1
-0.0512410072;-0.6887230216;-0.6551079137;0.0297092679;0.0053715195;0.0100549433;-1;-1;-1;-1;-1;1;-1;-1;-1;-1
0.0181115108;-0.7005575540;-0.6416187050;0.0268225533;0.0050550039;0.0112413390;-1;-1;-1;-1;-1;1;-1;-1;-1;-1
-0.0118850987;-0.6624775583;-0.6945421903;0.0307397853;0.0068068003;0.0129467774;-1;-1;-1;-1;-1;1;-1;-1;-1;-1
-0.0007553957;-0.6595503597;-0.6700719424;0.0086855545;0.0039603380;0.0133556705;-1;-1;-1;-1;-1;1;-1;-1;-1;-1
-0.0657367387;-0.6086247544;-0.7329273084;0.0185292298;0.0089032231;0.0083955479;-1;-1;-1;-1;-1;1;-1;-1;-1;-1
-0.0364833006;-0.6290176817;-0.7166011788;0.0192303250;0.0092210804;0.0140756300;-1;-1;-1;-1;-1;1;-1;-1;-1;-1
0.0279567780;-0.5332809430;-0.7903143418;0.0129458170;0.0054090961;0.0182589561;-1;-1;-1;-1;-1;1;-1;-1;-1;-1
-0.0198428291;-0.5745972495;-0.7596463654;0.0151515501;0.0053552016;0.0167703471;-1;-1;-1;-1;-1;1;-1;-1;-1;-1
-0.0250884086;-0.4837917485;-0.8168172888;0.0125466949;0.0161318542;0.0174536299;-1;-1;-1;-1;-1;1;-1;-1;-1;-1
-0.0647544204;-0.6221807466;-0.7227111984;0.0157064848;0.0048674791;0.0129883042;-1;-1;-1;-1;-1;1;-1;-1;-1;-1
-0.0090825688;-0.5886972477;-0.7523486239;0.0126340832;0.0049628218;0.0160885915;-1;-1;-1;-1;-1;1;-1;-1;-1;-1
-0.0489926740;-0.6726190476;-0.6774725275;0.0292501761;0.0071834032;0.0182310314;-1;-1;-1;-1;-1;1;-1;-1;-1;-1
-0.0528440367;-0.6531376147;-0.7028807339;0.0193203892;0.0068649535;0.0208415023;-1;-1;-1;-1;-1;1;-1;-1;-1;-1
-0.0204036697;-0.6070642202;-0.7427522936;0.0174509397;0.0053851154;0.0224049110;-1;-1;-1;-1;-1;1;-1;-1;-1;-1
-0.0028571429;-0.6560622711;-0.6956043956;0.0131364089;0.0041787778;0.0168650469;-1;-1;-1;-1;-1;1;-1;-1;-1;-1
-0.0223486239;-0.6339082569;-0.7113394495;0.0206639591;0.0057289989;0.0206572099;-1;-1;-1;-1;-1;1;-1;-1;-1;-1
-0.0140209790;-0.7427097902;-0.6052272727;0.0166909838;0.0056572676;0.0154246418;-1;-1;-1;-1;-1;1;-1;-1;-1;-1
-0.0196853147;-0.7883391608;-0.5521503497;0.0106359779;0.0044657131;0.0112708495;-1;-1;-1;-1;-1;1;-1;-1;-1;-1
-0.0087587413;-0.7731643357;-0.5735314685;0.0094613287;0.0033838398;0.0073398712;-1;-1;-1;-1;-1;1;-1;-1;-1;-1
-0.0867307692;-0.8116958042;-0.5353846154;0.0048357032;0.0026946674;0.0073940725;-1;-1;-1;-1;-1;1;-1;-1;-1;-1
-0.0462937063;-0.8069930070;-0.5480244755;0.0064436824;0.0036095061;0.0105966159;-1;-1;-1;-1;-1;1;-1;-1;-1;-1
-0.0501398601;-0.8434440559;-0.4866958042;0.0130360575;0.0052870669;0.0147710246;-1;-1;-1;-1;-1;1;-1;-1;-1;-1
-0.0577469671;-0.8744540728;-0.4467417678;0.0122351928;0.0064368976;0.0105324210;-1;-1;-1;-1;-1;1;-1;-1;-1;-1
-0.0519618056;-0.8762326389;-0.4003645833;0.0081684925;0.0036784780;0.0088755190;-1;-1;-1;-1;-1;1;-1;-1;-1;-1
-0.0285441941;-0.8950259965;-0.4094454073;0.0102996131;0.0037733066;0.0056455252;-1;-1;-1;-1;-1;1;-1;-1;-1;-1
-0.0476041667;-0.8876562500;-0.4140798611;0.0103879891;0.0065758886;0.0085918475;-1;-1;-1;-1;-1;1;-1;-1;-1;-1
-0.0537435009;-0.8381455806;-0.4678856153;0.0135939480;0.0113081871;0.0182632299;-1;-1;-1;-1;-1;1;-1;-1;-1;-1
-0.0450520833;-0.8498263889;-0.4793576389;0.0208953016;0.0069888394;0.0189555867;-1;-1;-1;-1;-1;1;-1;-1;-1;-1
-0.0748611111;-0.7858506944;-0.5301215278;0.0225752850;0.0144517968;0.0245911156;-1;-1;-1;-1;-1;1;-1;-1;-1;-1
-0.0373565217;-0.8634782609;-0.4372347826;0.0130679127;0.0077861385;0.0109507026;-1;-1;-1;-1;-1;1;-1;-1;-1;-1
-0.0271701389;-0.9059722222;-0.3928125000;0.0150964997;0.0133660097;0.0145649457;-1;-1;-1;-1;-1;1;-1;-1;-1;-1
-0.0144000000;-0.8988869565;-0.4259826087;0.0124874007;0.0091332537;0.0206348777;-1;-1;-1;-1;-1;1;-1;-1;-1;-1
-0.0247395833;-0.9138715278;-0.3470659722;0.0115345408;0.0039468982;0.0109418113;-1;-1;-1;-1;-1;1;-1;-1;-1;-1
-0.0342434783;-0.9067304348;-0.3654260870;0.0075251671;0.0021931241;0.0050799140;-1;-1;-1;-1;-1;1;-1;-1;-1;-1
-0.0365079365;-0.7856261023;-0.5585714286;0.0180623423;0.0046398458;0.0117066128;-1;-1;-1;-1;-1;1;-1;-1;-1;-1
-0.1000353357;-0.8162014134;-0.5105477032;0.0333929191;0.0098243063;0.0154250092;-1;-1;-1;-1;-1;1;-1;-1;-1;-1
-0.0660846561;-0.7917989418;-0.5469664903;0.0286584946;0.0083105390;0.0244649865;-1;-1;-1;-1;-1;1;-1;-1;-1;-1
-0.0116049383;-0.7040564374;-0.6557142857;0.0151756882;0.0064305127;0.0199492680;-1;-1;-1;-1;-1;1;-1;-1;-1;-1
-0.0410070671;-0.7386395760;-0.6196643110;0.0054143823;0.0021360221;0.0064319225;-1;-1;-1;-1;-1;1;-1;-1;-1;-1
0.0032451499;-0.7349559083;-0.6235802469;0.0024887437;0.0010745122;0.0028131309;-1;-1;-1;-1;-1;1;-1;-1;-1;-1
0.6295774648;-0.2151056338;-0.6754049296;0.0377723079;0.0294465497;0.0367197652;-1;-1;-1;-1;-1;-1;1;-1;-1;-1
0.6625704225;-0.2207570423;-0.6675880282;0.0003633989;0.0018599197;0.0006532550;-1;-1;-1;-1;-1;-1;1;-1;-1;-1
0.6657570423;-0.2379049296;-0.6600704225;0.0005140643;0.0028846682;0.0009657799;-1;-1;-1;-1;-1;-1;1;-1;-1;-1
0.6495943563;-0.1558906526;-0.6953968254;0.0006014253;0.0027101152;0.0007913175;-1;-1;-1;-1;-1;-1;1;-1;-1;-1
0.6673063380;-0.2185035211;-0.6637323944;0.0004320612;0.0037231534;0.0009348983;-1;-1;-1;-1;-1;-1;1;-1;-1;-1
0.6546654930;-0.1758274648;-0.6851760563;0.0009921278;0.0036758573;0.0013100219;-1;-1;-1;-1;-1;-1;1;-1;-1;-1
0.6898997996;-0.1387174349;-0.6561122244;0.0440367369;0.0253666248;0.0174113609;-1;-1;-1;-1;-1;-1;1;-1;-1;-1
0.7145582329;-0.0977911647;-0.6440763052;0.0008534262;0.0039665398;0.0010097085;-1;-1;-1;-1;-1;-1;1;-1;-1;-1
0.6937474950;-0.0589579158;-0.6691983968;0.0002909482;0.0021173858;0.0004214445;-1;-1;-1;-1;-1;-1;1;-1;-1;-1
0.6999598394;-0.0880522088;-0.6602208835;0.0001867187;0.0001477075;0.0001591060;-1;-1;-1;-1;-1;-1;1;-1;-1;-1
0.6996192385;-0.0875751503;-0.6607214429;0.0002024652;0.0001577629;0.0001878319;-1;-1;-1;-1;-1;-1;1;-1;-1;-1
0.7033333333;-0.1029317269;-0.6532128514;0.0005031522;0.0031193555;0.0006999184;-1;-1;-1;-1;-1;-1;1;-1;-1;-1
0.3435869565;-0.3082427536;-0.8253260870;0.0142205042;0.0088900099;0.0071879153;-1;-1;-1;-1;-1;-1;1;-1;-1;-1
0.3625543478;-0.3124094203;-0.8216485507;0.0014586177;0.0004223148;0.0002889289;-1;-1;-1;-1;-1;-1;1;-1;-1;-1
0.4270652174;-0.2934601449;-0.7997282609;0.0000371064;0.0000248478;0.0000512872;-1;-1;-1;-1;-1;-1;1;-1;-1;-1
0.4274637681;-0.2935869565;-0.7992028986;0.0000294905;0.0000241340;0.0000509061;-1;-1;-1;-1;-1;-1;1;-1;-1;-1
0.4272644928;-0.2952717391;-0.7988043478;0.0000950443;0.0000347718;0.0000559181;-1;-1;-1;-1;-1;-1;1;-1;-1;-1
0.4268840580;-0.2957246377;-0.7979166667;0.0000280228;0.0000256082;0.0000542725;-1;-1;-1;-1;-1;-1;1;-1;-1;-1
0.4238003503;-0.3197898424;-0.7901576182;0.0209113215;0.0117936400;0.0085334839;-1;-1;-1;-1;-1;-1;1;-1;-1;-1
0.4284561404;-0.3335438596;-0.7835263158;0.0000489304;0.0000320587;0.0000826223;-1;-1;-1;-1;-1;-1;1;-1;-1;-1
0.4294570928;-0.3314535902;-0.7840280210;0.0000300556;0.0000194623;0.0000570799;-1;-1;-1;-1;-1;-1;1;-1;-1;-1
0.4285288967;-0.3316812609;-0.7842031524;0.0000518671;0.0000269930;0.0000861622;-1;-1;-1;-1;-1;-1;1;-1;-1;-1
0.4277368421;-0.3317017544;-0.7841929825;0.0000424965;0.0000215278;0.0000736007;-1;-1;-1;-1;-1;-1;1;-1;-1;-1
0.4274781086;-0.3309457093;-0.7848861646;0.0000476640;0.0000169988;0.0000731011;-1;-1;-1;-1;-1;-1;1;-1;-1;-1
0.2108103448;-0.2604827586;-0.8812586207;0.0257497740;0.0116401810;0.0068977223;-1;-1;-1;-1;-1;-1;1;-1;-1;-1
0.2091566265;-0.2854044750;-0.8774870912;0.0001067013;0.0000341896;0.0002205710;-1;-1;-1;-1;-1;-1;1;-1;-1;-1
0.2091379310;-0.2853448276;-0.8778448276;0.0000990828;0.0000304508;0.0002476788;-1;-1;-1;-1;-1;-1;1;-1;-1;-1
0.2072931034;-0.2855000000;-0.8779482759;0.0001009502;0.0000327375;0.0002757486;-1;-1;-1;-1;-1;-1;1;-1;-1;-1
0.2070912220;-0.2856626506;-0.8780895009;0.0001079037;0.0000339136;0.0003006540;-1;-1;-1;-1;-1;-1;1;-1;-1;-1
0.2068448276;-0.2859482759;-0.8782068966;0.0000972816;0.0000313963;0.0002472110;-1;-1;-1;-1;-1;-1;1;-1;-1;-1
0.2995189003;-0.2605841924;-0.8559621993;0.0200025220;0.0105941504;0.0112144771;-1;-1;-1;-1;-1;-1;1;-1;-1;-1
0.3106872852;-0.2655670103;-0.8557731959;0.0002101981;0.0000309172;0.0002908813;-1;-1;-1;-1;-1;-1;1;-1;-1;-1
0.3392268041;-0.2937800687;-0.8364089347;0.0019592979;0.0010803509;0.0006268411;-1;-1;-1;-1;-1;-1;1;-1;-1;-1
0.3627710843;-0.2889328744;-0.8293631670;0.0001638596;0.0000754110;0.0001032144;-1;-1;-1;-1;-1;-1;1;-1;-1;-1
0.3617182131;-0.2896219931;-0.8298453608;0.0002128774;0.0000711133;0.0001237282;-1;-1;-1;-1;-1;-1;1;-1;-1;-1
0.3613917526;-0.2901030928;-0.8292783505;0.0002102800;0.0000657381;0.0001199603;-1;-1;-1;-1;-1;-1;1;-1;-1;-1
0.4461904762;-0.1616190476;-0.8093523810;0.0302346965;0.0179571065;0.0207209538;-1;-1;-1;-1;-1;-1;1;-1;-1;-1
0.4720571429;-0.1733523810;-0.8076190476;0.0000495769;0.0000486638;0.0000597783;-1;-1;-1;-1;-1;-1;1;-1;-1;-1
0.4717680608;-0.1720532319;-0.8089163498;0.0000606775;0.0000472048;0.0000683473;-1;-1;-1;-1;-1;-1;1;-1;-1;-1
0.4726476190;-0.1720952381;-0.8082666667;0.0000469844;0.0000467466;0.0000746616;-1;-1;-1;-1;-1;-1;1;-1;-1;-1
0.4712952381;-0.1723047619;-0.8077523810;0.0000353421;0.0000399069;0.0000651676;-1;-1;-1;-1;-1;-1;1;-1;-1;-1
0.4705904762;-0.1717904762;-0.8078666667;0.0000284675;0.0000361011;0.0000668142;-1;-1;-1;-1;-1;-1;1;-1;-1;-1
0.3046060606;-0.2030707071;-0.8663636364;0.0284746927;0.0222990537;0.0092365477;-1;-1;-1;-1;-1;-1;1;-1;-1;-1
0.2929959514;-0.2120242915;-0.8740080972;0.0001143326;0.0000490379;0.0001352210;-1;-1;-1;-1;-1;-1;1;-1;-1;-1
0.2933535354;-0.2130101010;-0.8733939394;0.0002016865;0.0000599493;0.0001516158;-1;-1;-1;-1;-1;-1;1;-1;-1;-1
0.2934747475;-0.2124040404;-0.8740808081;0.0000462013;0.0000300389;0.0001298720;-1;-1;-1;-1;-1;-1;1;-1;-1;-1
0.2939271255;-0.2127530364;-0.8737651822;0.0000522949;0.0000366245;0.0001407642;-1;-1;-1;-1;-1;-1;1;-1;-1;-1
0.2901818182;-0.2142020202;-0.8739797980;0.0000475377;0.0000357486;0.0001426312;-1;-1;-1;-1;-1;-1;1;-1;-1;-1
0.3607878788;-0.2296161616;-0.8400000000;0.0097360177;0.0151539010;0.0156866397;-1;-1;-1;-1;-1;-1;1;-1;-1;-1
0.3612525253;-0.2380606061;-0.8434949495;0.0000583470;0.0000359073;0.0000997039;-1;-1;-1;-1;-1;-1;1;-1;-1;-1
0.3674949495;-0.2387272727;-0.8403636364;0.0000819711;0.0000443283;0.0000937946;-1;-1;-1;-1;-1;-1;1;-1;-1;-1
0.3645252525;-0.2380606061;-0.8421010101;0.0001037721;0.0000666765;0.0001413258;-1;-1;-1;-1;-1;-1;1;-1;-1;-1
0.3675555556;-0.2312525253;-0.8431313131;0.0001067656;0.0000830434;0.0001284341;-1;-1;-1;-1;-1;-1;1;-1;-1;-1
0.3676161616;-0.2341212121;-0.8423232323;0.0000975447;0.0000481634;0.0001713123;-1;-1;-1;-1;-1;-1;1;-1;-1;-1
0.2594405594;-0.1994405594;-0.8769055944;0.0395194763;0.0234333117;0.0280823518;-1;-1;-1;-1;-1;-1;1;-1;-1;-1
0.2578458844;-0.2036777583;-0.8856217163;0.0001046499;0.0000815381;0.0002225514;-1;-1;-1;-1;-1;-1;1;-1;-1;-1
0.2636713287;-0.2013811189;-0.8850000000;0.0000723121;0.0000707687;0.0001868651;-1;-1;-1;-1;-1;-1;1;-1;-1;-1
0.2605419580;-0.2013111888;-0.8854020979;0.0000692329;0.0000636018;0.0002063179;-1;-1;-1;-1;-1;-1;1;-1;-1;-1
0.2597548161;-0.2009632224;-0.8856742557;0.0002974836;0.0001487197;0.0002582727;-1;-1;-1;-1;-1;-1;1;-1;-1;-1
0.2621153846;-0.1980769231;-0.8853846154;0.0000492826;0.0000397279;0.0001401320;-1;-1;-1;-1;-1;-1;1;-1;-1;-1
0.6137096774;-0.2203046595;-0.6900179211;0.0291896247;0.0341088837;0.0294389584;-1;-1;-1;-1;-1;-1;-1;1;-1;-1
0.6073476703;-0.1744265233;-0.7226702509;0.0058058789;0.0022462594;0.0074749036;-1;-1;-1;-1;-1;-1;-1;1;-1;-1
0.5946236559;-0.2047132616;-0.7198387097;0.0033419586;0.0030159859;0.0047290583;-1;-1;-1;-1;-1;-1;-1;1;-1;-1
0.6186917563;-0.1722580645;-0.7208781362;0.0041349102;0.0020081774;0.0049430336;-1;-1;-1;-1;-1;-1;-1;1;-1;-1
0.6020788530;-0.1718458781;-0.7334408602;0.0036452218;0.0033727087;0.0056114785;-1;-1;-1;-1;-1;-1;-1;1;-1;-1
0.4968458781;-0.2102867384;-0.7983512545;0.0050690283;0.0027744239;0.0055477256;-1;-1;-1;-1;-1;-1;-1;1;-1;-1
0.6291843972;-0.0634219858;-0.7021631206;0.0605488896;0.0220882692;0.0527004636;-1;-1;-1;-1;-1;-1;-1;1;-1;-1
0.6548758865;-0.0290070922;-0.7130319149;0.0053252066;0.0031006110;0.0097906135;-1;-1;-1;-1;-1;-1;-1;1;-1;-1
0.6787943262;-0.0729609929;-0.6912056738;0.0106592898;0.0040585349;0.0193761637;-1;-1;-1;-1;-1;-1;-1;1;-1;-1
0.6776595745;-0.0787588652;-0.6834219858;0.0071891841;0.0041902863;0.0106825854;-1;-1;-1;-1;-1;-1;-1;1;-1;-1
0.6735638298;-0.0846985816;-0.6834929078;0.0058602783;0.0038007971;0.0112955932;-1;-1;-1;-1;-1;-1;-1;1;-1;-1
0.6758865248;-0.0883156028;-0.6814361702;0.0027574720;0.0035770867;0.0043213796;-1;-1;-1;-1;-1;-1;-1;1;-1;-1
0.7504181185;-0.0270557491;-0.5964982578;0.0632061076;0.0277017875;0.0354105785;-1;-1;-1;-1;-1;-1;-1;1;-1;-1
0.7144677138;-0.0093019197;-0.6352006981;0.0040390955;0.0043565048;0.0061697586;-1;-1;-1;-1;-1;-1;-1;1;-1;-1
0.7037804878;0.0419163763;-0.6505749129;0.0049586324;0.0041408237;0.0074895467;-1;-1;-1;-1;-1;-1;-1;1;-1;-1
0.6812216405;0.0531239092;-0.6884118674;0.0033981553;0.0051935458;0.0058840119;-1;-1;-1;-1;-1;-1;-1;1;-1;-1
0.6423867596;0.0665505226;-0.7254355401;0.0031278013;0.0046756894;0.0053484138;-1;-1;-1;-1;-1;-1;-1;1;-1;-1
0.6730366492;-0.0996509599;-0.6821640489;0.0043788745;0.0095589689;0.0059991549;-1;-1;-1;-1;-1;-1;-1;1;-1;-1
0.6546748682;-0.1076977153;-0.6626362039;0.0684900790;0.0352431056;0.0191257847;-1;-1;-1;-1;-1;-1;-1;1;-1;-1
0.6873286467;0.0216520211;-0.6706326889;0.0074692598;0.0131849421;0.0072805849;-1;-1;-1;-1;-1;-1;-1;1;-1;-1
0.7397539543;-0.0758523726;-0.6214938489;0.0030777563;0.0051109359;0.0045666025;-1;-1;-1;-1;-1;-1;-1;1;-1;-1
0.7148415493;-0.0011971831;-0.6406338028;0.0022599396;0.0047717565;0.0039734953;-1;-1;-1;-1;-1;-1;-1;1;-1;-1
0.6727768014;0.0999824253;-0.6835149385;0.0026285434;0.0051188377;0.0046591023;-1;-1;-1;-1;-1;-1;-1;1;-1;-1
0.7136906854;0.0121968366;-0.6490509666;0.0026395239;0.0065661161;0.0020582527;-1;-1;-1;-1;-1;-1;-1;1;-1;-1
0.6938327526;-0.2489372822;-0.5970034843;0.1138327538;0.0344772282;0.0827976370;-1;-1;-1;-1;-1;-1;-1;1;-1;-1
0.6863350785;-0.2328272251;-0.6378184991;0.0087047267;0.0046930418;0.0068083446;-1;-1;-1;-1;-1;-1;-1;1;-1;-1
0.6193205575;-0.2628222997;-0.6836411150;0.0050112304;0.0027948130;0.0048811345;-1;-1;-1;-1;-1;-1;-1;1;-1;-1
0.6518989547;-0.2002613240;-0.6611324042;0.0084726529;0.0033725319;0.0079741081;-1;-1;-1;-1;-1;-1;-1;1;-1;-1
0.7140314136;-0.1948691099;-0.6156369983;0.0059321459;0.0014669846;0.0048697421;-1;-1;-1;-1;-1;-1;-1;1;-1;-1
0.7264285714;-0.1274041812;-0.6132578397;0.0131922837;0.0021655013;0.0085047257;-1;-1;-1;-1;-1;-1;-1;1;-1;-1
0.7006457243;-0.0447993019;-0.6462652705;0.0431501068;0.0213078705;0.0321867267;-1;-1;-1;-1;-1;-1;-1;1;-1;-1
0.7225130890;-0.0665968586;-0.6328970332;0.0022027643;0.0043095522;0.0040940401;-1;-1;-1;-1;-1;-1;-1;1;-1;-1
0.7160558464;-0.1309773124;-0.6286038394;0.0024155353;0.0036161761;0.0048025928;-1;-1;-1;-1;-1;-1;-1;1;-1;-1
0.7448516579;-0.1416753927;-0.6019546248;0.0030806161;0.0019562791;0.0057800888;-1;-1;-1;-1;-1;-1;-1;1;-1;-1
0.7157766143;-0.1067539267;-0.6400349040;0.0068989150;0.0041509830;0.0114304184;-1;-1;-1;-1;-1;-1;-1;1;-1;-1
0.7204712042;-0.1226352531;-0.6241186736;0.0044849174;0.0033120992;0.0080274125;-1;-1;-1;-1;-1;-1;-1;1;-1;-1
0.3899759615;-0.3543269231;-0.7823076923;0.0353534934;0.0278183411;0.0162471918;-1;-1;-1;-1;-1;-1;-1;1;-1;-1
0.4496875000;-0.3591346154;-0.7778365385;0.0153471310;0.0046855144;0.0076054286;-1;-1;-1;-1;-1;-1;-1;1;-1;-1
0.4354807692;-0.3706971154;-0.7540865385;0.0112961538;0.0041293924;0.0057726576;-1;-1;-1;-1;-1;-1;-1;1;-1;-1
0.4496144578;-0.3623614458;-0.7581204819;0.0085476771;0.0040132507;0.0045254444;-1;-1;-1;-1;-1;-1;-1;1;-1;-1
0.5348317308;-0.3670432692;-0.6933653846;0.0181479234;0.0046040078;0.0083259963;-1;-1;-1;-1;-1;-1;-1;1;-1;-1
0.5673076923;-0.3640144231;-0.7029086538;0.0076043003;0.0023826408;0.0054274230;-1;-1;-1;-1;-1;-1;-1;1;-1;-1
0.3719861432;-0.1990069284;-0.8324480370;0.0433261387;0.0241362800;0.0318213081;-1;-1;-1;-1;-1;-1;-1;1;-1;-1
0.3280324074;-0.2563657407;-0.8406250000;0.0148659572;0.0026115875;0.0109353393;-1;-1;-1;-1;-1;-1;-1;1;-1;-1
0.3766050808;-0.2093764434;-0.8543418014;0.0152687719;0.0056294714;0.0086274014;-1;-1;-1;-1;-1;-1;-1;1;-1;-1
0.4204618938;-0.1040646651;-0.8530023095;0.0083354343;0.0112510328;0.0026414282;-1;-1;-1;-1;-1;-1;-1;1;-1;-1
0.2801620370;-0.2084490741;-0.8727546296;0.0113301361;0.0032354081;0.0048367100;-1;-1;-1;-1;-1;-1;-1;1;-1;-1
0.3411547344;-0.1853810624;-0.8612702079;0.0180458857;0.0021855605;0.0062314847;-1;-1;-1;-1;-1;-1;-1;1;-1;-1
0.4066132265;-0.2707214429;-0.7812625251;0.0969605951;0.0200842174;0.0241917763;-1;-1;-1;-1;-1;-1;-1;1;-1;-1
0.5629859719;-0.1977555110;-0.7429058116;0.0037197809;0.0033174421;0.0043202542;-1;-1;-1;-1;-1;-1;-1;1;-1;-1
0.5893587174;-0.1925250501;-0.7374148297;0.0030979815;0.0024827679;0.0037999300;-1;-1;-1;-1;-1;-1;-1;1;-1;-1
0.6395991984;-0.1671743487;-0.7112825651;0.0056215258;0.0026191081;0.0066830907;-1;-1;-1;-1;-1;-1;-1;1;-1;-1
0.6673146293;-0.2333066132;-0.6626853707;0.0064164691;0.0011864339;0.0050365494;-1;-1;-1;-1;-1;-1;-1;1;-1;-1
0.6481162325;-0.1622244489;-0.6846492986;0.0036438339;0.0022538772;0.0049201077;-1;-1;-1;-1;-1;-1;-1;1;-1;-1
0.5365234375;-0.0922070313;-0.7695703125;0.0434786922;0.0240888572;0.0130158620;-1;-1;-1;-1;-1;-1;-1;1;-1;-1
0.5394921875;-0.0779101562;-0.7911718750;0.0018870215;0.0088502228;0.0035735751;-1;-1;-1;-1;-1;-1;-1;1;-1;-1
0.5450976563;-0.2353515625;-0.7536523438;0.0045792468;0.0068945924;0.0042909396;-1;-1;-1;-1;-1;-1;-1;1;-1;-1
0.6028906250;-0.1604492187;-0.7302539063;0.0028687317;0.0040806197;0.0029304638;-1;-1;-1;-1;-1;-1;-1;1;-1;-1
0.4147851562;-0.2697070312;-0.8498632812;0.0089193275;0.0050192878;0.0059547758;-1;-1;-1;-1;-1;-1;-1;1;-1;-1
0.5921679687;-0.3017773438;-0.6930273437;0.0043626097;0.0017469327;0.0036724220;-1;-1;-1;-1;-1;-1;-1;1;-1;-1
0.4803141361;-0.0739616056;-0.8094240838;0.0150785725;0.0093736139;0.0112904020;-1;-1;-1;-1;-1;-1;-1;-1;1;-1
0.5164746946;-0.1503315881;-0.7892844677;0.0020746134;0.0073598549;0.0014353263;-1;-1;-1;-1;-1;-1;-1;-1;1;-1
0.5256369983;-0.1262652705;-0.7865794066;0.0031200918;0.0010762372;0.0019557616;-1;-1;-1;-1;-1;-1;-1;-1;1;-1
0.5498080279;-0.1249912740;-0.7721465969;0.0023665715;0.0027918268;0.0016196848;-1;-1;-1;-1;-1;-1;-1;-1;1;-1
0.5833682373;-0.1747818499;-0.7425305410;0.0088073414;0.0086316394;0.0060983054;-1;-1;-1;-1;-1;-1;-1;-1;1;-1
0.5645724258;-0.0020593368;-0.7734904014;0.0092157697;0.0094440035;0.0072594741;-1;-1;-1;-1;-1;-1;-1;-1;1;-1
-0.2494475138;0.3380294659;-0.8083609576;0.0224384396;0.0824870692;0.0190517366;-1;-1;-1;-1;-1;-1;-1;-1;1;-1
-0.2116236162;0.3780811808;-0.8453321033;0.0019518876;0.0033286588;0.0024796492;-1;-1;-1;-1;-1;-1;-1;-1;1;-1
-0.1981215470;0.3760036832;-0.8513996317;0.0010817048;0.0029978376;0.0047773732;-1;-1;-1;-1;-1;-1;-1;-1;1;-1
-0.2360220994;0.3339410681;-0.8569244936;0.0047690180;0.0065021515;0.0047589740;-1;-1;-1;-1;-1;-1;-1;-1;1;-1
-0.2057564576;0.3814575646;-0.8461070111;0.0011424027;0.0024239344;0.0028703989;-1;-1;-1;-1;-1;-1;-1;-1;1;-1
-0.2469060773;0.3501104972;-0.8474585635;0.0020025871;0.0056402092;0.0071293225;-1;-1;-1;-1;-1;-1;-1;-1;1;-1
0.9084007030;-0.0620035149;-0.3708084359;0.0002602899;0.0001424577;0.0001905425;-1;-1;-1;-1;-1;-1;-1;-1;1;-1
0.9079929577;-0.0618309859;-0.3706866197;0.0003384691;0.0001726557;0.0002600215;-1;-1;-1;-1;-1;-1;-1;-1;1;-1
0.9078734622;-0.0619507909;-0.3711423550;0.0005628995;0.0002343919;0.0008802068;-1;-1;-1;-1;-1;-1;-1;-1;1;-1
0.9089612676;-0.0612676056;-0.3704049296;0.0003765205;0.0001793427;0.0002726752;-1;-1;-1;-1;-1;-1;-1;-1;1;-1
0.9089279438;-0.0618453427;-0.3704393673;0.0003543064;0.0001773986;0.0002225179;-1;-1;-1;-1;-1;-1;-1;-1;1;-1
0.9086267606;-0.0619366197;-0.3707042254;0.0003864707;0.0001793117;0.0002333656;-1;-1;-1;-1;-1;-1;-1;-1;1;-1
0.9389212329;-0.0473630137;-0.2989383562;0.0003938600;0.0001700498;0.0002547886;-1;-1;-1;-1;-1;-1;-1;-1;1;-1
0.9398116438;-0.0474828767;-0.2984589041;0.0002529662;0.0001193822;0.0000936758;-1;-1;-1;-1;-1;-1;-1;-1;1;-1
0.9395376712;-0.0472431507;-0.2984760274;0.0003237996;0.0001428156;0.0001553065;-1;-1;-1;-1;-1;-1;-1;-1;1;-1
0.9395368782;-0.0476157804;-0.2991595197;0.0003442869;0.0001473985;0.0001681927;-1;-1;-1;-1;-1;-1;-1;-1;1;-1
0.9400342466;-0.0472945205;-0.2996061644;0.0003337896;0.0001408668;0.0001670830;-1;-1;-1;-1;-1;-1;-1;-1;1;-1
0.9395890411;-0.0476198630;-0.2993835616;0.0003644963;0.0001392652;0.0001141991;-1;-1;-1;-1;-1;-1;-1;-1;1;-1
0.9376695652;-0.0937217391;-0.2645565217;0.0259861972;0.0358652186;0.0494429650;-1;-1;-1;-1;-1;-1;-1;-1;1;-1
0.9491304348;-0.0597739130;-0.2702956522;0.0004037722;0.0001346178;0.0001175083;-1;-1;-1;-1;-1;-1;-1;-1;1;-1
0.9493043478;-0.0596869565;-0.2702434783;0.0003981215;0.0001417137;0.0001208465;-1;-1;-1;-1;-1;-1;-1;-1;1;-1
0.9487652174;-0.0609565217;-0.2710086957;0.0005017828;0.0001787002;0.0006042072;-1;-1;-1;-1;-1;-1;-1;-1;1;-1
0.9489391304;-0.0610608696;-0.2706260870;0.0003534022;0.0001311026;0.0001069244;-1;-1;-1;-1;-1;-1;-1;-1;1;-1
0.9493217391;-0.0603304348;-0.2710608696;0.0003613859;0.0001369986;0.0001203012;-1;-1;-1;-1;-1;-1;-1;-1;1;-1
0.8770921986;-0.0937588652;-0.3129255319;0.0709737677;0.0161812277;0.0429464882;-1;-1;-1;-1;-1;-1;-1;-1;1;-1
0.9477836879;-0.0688120567;-0.2739893617;0.0003064469;0.0001223873;0.0000588347;-1;-1;-1;-1;-1;-1;-1;-1;1;-1
0.9472340426;-0.0684751773;-0.2742907801;0.0003077888;0.0001180971;0.0000309348;-1;-1;-1;-1;-1;-1;-1;-1;1;-1
0.9475354610;-0.0688475177;-0.2739361702;0.0003901852;0.0001412982;0.0000448698;-1;-1;-1;-1;-1;-1;-1;-1;1;-1
0.9473049645;-0.0685992908;-0.2740425532;0.0004627061;0.0001506100;0.0000440195;-1;-1;-1;-1;-1;-1;-1;-1;1;-1
0.9477659574;-0.0679609929;-0.2739007092;0.0005729753;0.0001643963;0.0000629102;-1;-1;-1;-1;-1;-1;-1;-1;1;-1
0.5695943205;-0.1047261663;-0.7340567951;0.0272965831;0.0104831058;0.0193981431;-1;-1;-1;-1;-1;-1;-1;-1;1;-1
0.5966599190;-0.0864574899;-0.7435020243;0.0020880099;0.0001677497;0.0002142830;-1;-1;-1;-1;-1;-1;-1;-1;1;-1
0.5951318458;-0.0856186613;-0.7438539554;0.0025624318;0.0001588136;0.0003265803;-1;-1;-1;-1;-1;-1;-1;-1;1;-1
0.5933062880;-0.0859229209;-0.7451521298;0.0020014446;0.0001575306;0.0002087675;-1;-1;-1;-1;-1;-1;-1;-1;1;-1
0.5947773279;-0.0867611336;-0.7451214575;0.0022615122;0.0001614966;0.0002201678;-1;-1;-1;-1;-1;-1;-1;-1;1;-1
0.5941987830;-0.0866125761;-0.7445233266;0.0023000173;0.0001305752;0.0002479939;-1;-1;-1;-1;-1;-1;-1;-1;1;-1
0.6595291902;-0.1989453861;-0.6585499058;0.0201516647;0.0088434140;0.0108954404;-1;-1;-1;-1;-1;-1;-1;-1;1;-1
0.6778531073;-0.1863088512;-0.6601694915;0.0020021746;0.0001927648;0.0005597825;-1;-1;-1;-1;-1;-1;-1;-1;1;-1
0.6769303202;-0.1859133710;-0.6608286252;0.0020665970;0.0001876076;0.0004932743;-1;-1;-1;-1;-1;-1;-1;-1;1;-1
0.6767796610;-0.1860075330;-0.6605273070;0.0017373457;0.0002025207;0.0003589667;-1;-1;-1;-1;-1;-1;-1;-1;1;-1
0.6778342750;-0.1863841808;-0.6606779661;0.0017871876;0.0001925616;0.0004251999;-1;-1;-1;-1;-1;-1;-1;-1;1;-1
0.6772881356;-0.1863276836;-0.6599811676;0.0023141413;0.0001927151;0.0004466034;-1;-1;-1;-1;-1;-1;-1;-1;1;-1
0.4748712871;-0.1575049505;-0.7777029703;0.0604555886;0.0179191592;0.0077125703;-1;-1;-1;-1;-1;-1;-1;-1;1;-1
0.5242574257;-0.1249108911;-0.7864158416;0.0018685447;0.0001901210;0.0001897077;-1;-1;-1;-1;-1;-1;-1;-1;1;-1
0.5217786561;-0.1241897233;-0.7876482213;0.0018312856;0.0001784511;0.0001415869;-1;-1;-1;-1;-1;-1;-1;-1;1;-1
0.5220792079;-0.1244554455;-0.7880396040;0.0018542001;0.0001826890;0.0001376175;-1;-1;-1;-1;-1;-1;-1;-1;1;-1
0.5220594059;-0.1245346535;-0.7884158416;0.0016870203;0.0001780072;0.0001558188;-1;-1;-1;-1;-1;-1;-1;-1;1;-1
0.5233069307;-0.1250891089;-0.7863960396;0.0018809076;0.0001635337;0.0001342079;-1;-1;-1;-1;-1;-1;-1;-1;1;-1
0.6643000000;-0.1278800000;-0.6695400000;0.0270646393;0.0119918894;0.0050881647;-1;-1;-1;-1;-1;-1;-1;-1;1;-1
0.6831800000;-0.1227000000;-0.6688800000;0.0020918713;0.0001488076;0.0004456369;-1;-1;-1;-1;-1;-1;-1;-1;1;-1
0.6841000000;-0.1229200000;-0.6684400000;0.0018486874;0.0001922581;0.0003322309;-1;-1;-1;-1;-1;-1;-1;-1;1;-1
0.6808016032;-0.1224048096;-0.6695791583;0.0017399184;0.0001769362;0.0002964089;-1;-1;-1;-1;-1;-1;-1;-1;1;-1
0.6818800000;-0.1226000000;-0.6689000000;0.0016986629;0.0001960321;0.0003060020;-1;-1;-1;-1;-1;-1;-1;-1;1;-1
0.6829400000;-0.1229000000;-0.6688200000;0.0018075715;0.0001813527;0.0003266609;-1;-1;-1;-1;-1;-1;-1;-1;1;-1
0.6526190476;-0.0986309524;-0.6713888889;0.0685247373;0.0232826150;0.0333066159;-1;-1;-1;-1;-1;-1;-1;-1;-1;1
0.7119801980;-0.0951287129;-0.6466732673;0.0192671028;0.0099528108;0.0142024030;-1;-1;-1;-1;-1;-1;-1;-1;-1;1
0.7167460317;-0.1277579365;-0.6322222222;0.0267945596;0.0102619612;0.0223397835;-1;-1;-1;-1;-1;-1;-1;-1;-1;1
0.7194444444;-0.0847023810;-0.6425595238;0.0223654959;0.0096003089;0.0185272330;-1;-1;-1;-1;-1;-1;-1;-1;-1;1
0.7361980198;-0.1034851485;-0.6313861386;0.0316335321;0.0126358455;0.0205111700;-1;-1;-1;-1;-1;-1;-1;-1;-1;1
0.7064285714;-0.0710714286;-0.6599007937;0.0393156490;0.0151602812;0.0279572466;-1;-1;-1;-1;-1;-1;-1;-1;-1;1
-0.0171830986;0.3288128773;-0.8694969819;0.0443989039;0.0577891121;0.0686507545;-1;-1;-1;-1;-1;-1;-1;-1;-1;1
0.0244758065;0.3207258065;-0.8852822581;0.0194130580;0.0167190681;0.0403938596;-1;-1;-1;-1;-1;-1;-1;-1;-1;1
0.0160764588;0.2985513078;-0.8978068410;0.0219630022;0.0178039454;0.0632127207;-1;-1;-1;-1;-1;-1;-1;-1;-1;1
-0.0091330645;0.2893548387;-0.8935282258;0.0185101560;0.0166658456;0.0367517689;-1;-1;-1;-1;-1;-1;-1;-1;-1;1
0.0023943662;0.3025150905;-0.9069014085;0.0182077635;0.0159257180;0.0380427987;-1;-1;-1;-1;-1;-1;-1;-1;-1;1
0.0033669355;0.2913306452;-0.8977620968;0.0221173277;0.0230822662;0.0682060928;-1;-1;-1;-1;-1;-1;-1;-1;-1;1
0.7509700176;-0.1089417989;-0.5944973545;0.0453211422;0.0167628358;0.0250587133;-1;-1;-1;-1;-1;-1;-1;-1;-1;1
0.7659611993;-0.1797001764;-0.6126807760;0.0210725285;0.0093421361;0.0251846735;-1;-1;-1;-1;-1;-1;-1;-1;-1;1
0.7461728395;-0.1470546737;-0.5974074074;0.0211084718;0.0090685182;0.0119128779;-1;-1;-1;-1;-1;-1;-1;-1;-1;1
0.7466961131;-0.1330035336;-0.6070848057;0.0201977376;0.0083180425;0.0102483008;-1;-1;-1;-1;-1;-1;-1;-1;-1;1
0.7841975309;-0.1092063492;-0.5493650794;0.0179947171;0.0071140333;0.0132632004;-1;-1;-1;-1;-1;-1;-1;-1;-1;1
0.8140035273;-0.0875661376;-0.5482892416;0.0155183957;0.0053241012;0.0129919445;-1;-1;-1;-1;-1;-1;-1;-1;-1;1
0.6426562500;-0.0539583333;-0.7057986111;0.0451680625;0.0213216957;0.0389600568;-1;-1;-1;-1;-1;-1;-1;-1;-1;1
0.6494434783;-0.0436521739;-0.6896347826;0.0263435922;0.0096162551;0.0148087514;-1;-1;-1;-1;-1;-1;-1;-1;-1;1
0.6400173611;0.0154340278;-0.7314236111;0.0211706084;0.0081403330;0.0130772742;-1;-1;-1;-1;-1;-1;-1;-1;-1;1
0.6215798611;0.0085763889;-0.7294270833;0.0096494997;0.0085054481;0.0064168886;-1;-1;-1;-1;-1;-1;-1;-1;-1;1
0.6156695652;-0.1094608696;-0.7277391304;0.0178643157;0.0058239249;0.0081913952;-1;-1;-1;-1;-1;-1;-1;-1;-1;1
0.6296701389;-0.0158333333;-0.7240104167;0.0165489345;0.0072135652;0.0113524103;-1;-1;-1;-1;-1;-1;-1;-1;-1;1
0.7250676983;-0.1227852998;-0.5621856867;0.0762238811;0.0386650953;0.0292527717;-1;-1;-1;-1;-1;-1;-1;-1;-1;1
0.8022674419;-0.0765697674;-0.5472286822;0.0141822274;0.0075802495;0.0095326932;-1;-1;-1;-1;-1;-1;-1;-1;-1;1
0.8150096712;-0.0963442940;-0.5216634429;0.0239979166;0.0109902921;0.0144976152;-1;-1;-1;-1;-1;-1;-1;-1;-1;1
0.8445647969;-0.0734042553;-0.4938297872;0.0236066416;0.0083228847;0.0140039090;-1;-1;-1;-1;-1;-1;-1;-1;-1;1
0.8376162791;-0.1018410853;-0.4903875969;0.0221040156;0.0088569922;0.0137113058;-1;-1;-1;-1;-1;-1;-1;-1;-1;1
0.7682591876;-0.0807156673;-0.6114119923;0.0250915373;0.0100806884;0.0167408319;-1;-1;-1;-1;-1;-1;-1;-1;-1;1
0.6663604853;-0.1401906412;-0.6349566724;0.0683849948;0.0412251372;0.0277517776;-1;-1;-1;-1;-1;-1;-1;-1;-1;1
0.7332812500;-0.0099131944;-0.6336979167;0.0125180842;0.0048502533;0.0077882147;-1;-1;-1;-1;-1;-1;-1;-1;-1;1
0.7623570191;-0.0260311958;-0.6096707106;0.0133367959;0.0056451587;0.0087754122;-1;-1;-1;-1;-1;-1;-1;-1;-1;1
0.6828993056;-0.0570312500;-0.6825520833;0.0218397533;0.0087788234;0.0145783451;-1;-1;-1;-1;-1;-1;-1;-1;-1;1
0.7077816291;0.0047660312;-0.6538301560;0.0176544453;0.0060965163;0.0102340892;-1;-1;-1;-1;-1;-1;-1;-1;-1;1
0.7145312500;-0.0148784722;-0.6472743056;0.0198276060;0.0060031156;0.0128209055;-1;-1;-1;-1;-1;-1;-1;-1;-1;1
0.8032287823;0.0527121771;-0.5137638376;0.0451187609;0.0191162904;0.0511562325;-1;-1;-1;-1;-1;-1;-1;-1;-1;1
0.8656088561;0.0252398524;-0.4666420664;0.0268121055;0.0139569664;0.0198803855;-1;-1;-1;-1;-1;-1;-1;-1;-1;1
0.8369372694;0.0221955720;-0.4962361624;0.0320560367;0.0167350966;0.0203233304;-1;-1;-1;-1;-1;-1;-1;-1;-1;1
0.8330499076;0.0062476895;-0.4908687616;0.0276423475;0.0168483015;0.0163072068;-1;-1;-1;-1;-1;-1;-1;-1;-1;1
0.8325461255;0.0137269373;-0.4984132841;0.0403424886;0.0191812783;0.0227527457;-1;-1;-1;-1;-1;-1;-1;-1;-1;1
0.8447785978;-0.0347785978;-0.4812361624;0.0314353483;0.0166756441;0.0224622399;-1;-1;-1;-1;-1;-1;-1;-1;-1;1
0.7837237762;-0.1441783217;-0.5431118881;0.0589193842;0.0289273447;0.0411090382;-1;-1;-1;-1;-1;-1;-1;-1;-1;1
0.7887915937;-0.1666900175;-0.5269527145;0.0310622214;0.0153769195;0.0297064872;-1;-1;-1;-1;-1;-1;-1;-1;-1;1
0.8102097902;-0.1805419580;-0.5184265734;0.0518073114;0.0227476918;0.0425852608;-1;-1;-1;-1;-1;-1;-1;-1;-1;1
0.7826619965;-0.1842031524;-0.5271803853;0.0462788663;0.0232984429;0.0373823867;-1;-1;-1;-1;-1;-1;-1;-1;-1;1
0.7702097902;-0.1712237762;-0.5622202797;0.0421127405;0.0273060304;0.0482603857;-1;-1;-1;-1;-1;-1;-1;-1;-1;1
0.7601050788;-0.1011733800;-0.5841856392;0.0160080591;0.0093254629;0.0136173620;-1;-1;-1;-1;-1;-1;-1;-1;-1;1
-0.0691161179;-0.0375563258;-0.9392894281;0.0553160577;0.0276379417;0.0937298762;-1;-1;-1;-1;-1;-1;-1;-1;-1;1
-0.0787500000;-0.0135763889;-0.9448958333;0.0243118261;0.0063694481;0.0337617283;-1;-1;-1;-1;-1;-1;-1;-1;-1;1
-0.0740554593;-0.0435355286;-0.9467764298;0.0242130386;0.0063347006;0.0312472294;-1;-1;-1;-1;-1;-1;-1;-1;-1;1
-0.0731076389;-0.0605902778;-0.9369791667;0.0191007606;0.0066737379;0.0154242500;-1;-1;-1;-1;-1;-1;-1;-1;-1;1
-0.0709012132;-0.0933102253;-0.9307972270;0.0170488392;0.0034544748;0.0154111689;-1;-1;-1;-1;-1;-1;-1;-1;-1;1
-0.0595138889;-0.0005555556;-0.9421701389;0.0118154155;0.0126609082;0.0155408475;-1;-1;-1;-1;-1;-1;-1;-1;-1;1
0.5989378758;-0.2162725451;-0.6800200401;0.0590797933;0.0122784477;0.0155230920;-1;-1;-1;-1;-1;-1;-1;-1;-1;1
0.6841365462;-0.1675100402;-0.6463654618;0.0149337600;0.0056762826;0.0113378702;-1;-1;-1;-1;-1;-1;-1;-1;-1;1
0.6898396794;-0.1576753507;-0.6481563126;0.0144373236;0.0087110510;0.0109235016;-1;-1;-1;-1;-1;-1;-1;-1;-1;1
0.6948296593;-0.2173146293;-0.6433667335;0.0109495191;0.0070955855;0.0103834215;-1;-1;-1;-1;-1;-1;-1;-1;-1;1
0.6991164659;-0.1742369478;-0.6491767068;0.0141770850;0.0070936822;0.0141914737;-1;-1;-1;-1;-1;-1;-1;-1;-1;1
0.6949699399;-0.1651503006;-0.6524248497;0.0146105915;0.0062398870;0.0112537469;-1;-1;-1;-1;-1;-1;-1;-1;-1;1
